sample1	sample2	ref	scaffold	length	common	commonPct	single	singlePct	singleAgree	singleAgreePct	sharedAlleles	sharedAllelesPct	variants	variantPct	commonVariant	commonVariantPct	variantExact	variantExactPct	AnotB	AnotBpct	AnotBweak	AnotBweakPct	BnotA	BnotApct	BnotAweak	BnotAweakPct	Agaps	AsharedGaps	AgapPct	Bgaps	BsharedGaps	BgapPct	gapJaccardSim
UMB11_03	UMB11_03.1	Esch_coli_1190	NZ_CP023386.1	4900891	126732	2.5859	126732	100.0000	126725	99.9945	126725	99.9945	28	0.0221	21	75.0000	21	75.0000	2	7.1429	2	7.1429	5	17.8571	5	17.8571	185085	163905	88.5566	172806	172806	100.0000	0.9919
UMB11_03	UMB11_04.1	Esch_coli_1190	NZ_CP023386.1	4900891	37558	0.7664	37558	100.0000	37556	99.9947	37556	99.9947	6	0.0160	4	66.6667	4	66.6667	0	0.0000	0	0.0000	2	33.3333	2	33.3333	185085	133176	71.9540	139592	139592	100.0000	0.9986
UMB11_03	UMB11_06	Esch_coli_1190	NZ_CP023386.1	4900891	336010	6.8561	335954	99.9833	335809	99.9568	335865	99.9568	279	0.0830	134	48.0287	78	27.9570	23	8.2437	17	6.0932	174	62.3656	160	57.3477	185085	163905	88.5566	165099	158136	95.7825	0.9895
UMB11_03	UMB11_07	Esch_coli_1190	NZ_CP023386.1	4900891	405110	8.2660	405067	99.9894	405023	99.9891	405066	99.9891	200	0.0494	156	78.0000	113	56.5000	12	6.0000	12	6.0000	72	36.0000	65	32.5000	185085	175075	94.5917	171056	154895	90.5522	0.9872
UMB11_03	UMB11_08	Esch_coli_1190	NZ_CP023386.1	4900891	117635	2.4003	117635	100.0000	117629	99.9949	117629	99.9949	52	0.0442	46	88.4615	46	88.4615	3	5.7692	3	5.7692	3	5.7692	2	3.8462	185085	145541	78.6347	158445	146928	92.7312	0.9971
UMB11_03	UMB11_11	Esch_coli_1190	NZ_CP023386.1	4900891	611275	12.4727	611224	99.9917	611203	99.9966	611254	99.9966	242	0.0396	221	91.3223	174	71.9008	16	6.6116	13	5.3719	34	14.0496	29	11.9835	185085	185085	100.0000	165998	165998	100.0000	0.9889
UMB11_03.1	UMB11_04.1	Esch_coli_1190	NZ_CP023386.1	4900891	27693	0.5651	27693	100.0000	27692	99.9964	27692	99.9964	5	0.0181	4	80.0000	4	80.0000	0	0.0000	0	0.0000	1	20.0000	1	20.0000	172806	135738	78.5494	139592	139592	100.0000	0.9987
UMB11_03.1	UMB11_06	Esch_coli_1190	NZ_CP023386.1	4900891	215863	4.4046	215823	99.9815	215758	99.9699	215798	99.9699	133	0.0616	68	51.1278	28	21.0526	8	6.0150	6	4.5113	95	71.4286	95	71.4286	172806	172806	100.0000	165099	158136	95.7825	0.9922
UMB11_03.1	UMB11_07	Esch_coli_1190	NZ_CP023386.1	4900891	252557	5.1533	252524	99.9869	252490	99.9865	252523	99.9865	130	0.0515	96	73.8462	63	48.4615	7	5.3846	6	4.6154	56	43.0769	56	43.0769	172806	172806	100.0000	171056	148033	86.5407	0.9879
UMB11_03.1	UMB11_08	Esch_coli_1190	NZ_CP023386.1	4900891	75899	1.5487	75897	99.9974	75894	99.9960	75896	99.9960	20	0.0264	17	85.0000	15	75.0000	1	5.0000	1	5.0000	2	10.0000	2	10.0000	172806	148091	85.6978	158445	146928	92.7312	0.9916
UMB11_03.1	UMB11_11	Esch_coli_1190	NZ_CP023386.1	4900891	390913	7.9764	390894	99.9951	390880	99.9964	390899	99.9964	100	0.0256	86	86.0000	67	67.0000	9	9.0000	8	8.0000	15	15.0000	14	14.0000	172806	172806	100.0000	165998	154893	93.3102	0.9916
UMB11_04.1	UMB11_06	Esch_coli_1190	NZ_CP023386.1	4900891	69584	1.4198	69563	99.9698	69536	99.9612	69557	99.9612	56	0.0805	29	51.7857	8	14.2857	2	3.5714	2	3.5714	45	80.3571	45	80.3571	139592	139592	100.0000	165099	132025	79.9672	0.9965
UMB11_04.1	UMB11_07	Esch_coli_1190	NZ_CP023386.1	4900891	78846	1.6088	78843	99.9962	78834	99.9886	78837	99.9886	20	0.0254	11	55.0000	8	40.0000	3	15.0000	3	15.0000	9	45.0000	9	45.0000	139592	139592	100.0000	171056	118475	69.2609	0.9883
UMB11_04.1	UMB11_08	Esch_coli_1190	NZ_CP023386.1	4900891	21435	0.4374	21434	99.9953	21433	99.9953	21434	99.9953	6	0.0280	5	83.3333	4	66.6667	1	16.6667	1	16.6667	0	0.0000	0	0.0000	139592	139592	100.0000	158445	134390	84.8181	0.9983
UMB11_04.1	UMB11_11	Esch_coli_1190	NZ_CP023386.1	4900891	120907	2.4670	120901	99.9950	120896	99.9959	120902	99.9959	34	0.0281	29	85.2941	23	67.6471	4	11.7647	3	8.8235	7	20.5882	7	20.5882	139592	139592	100.0000	165998	132886	80.0528	0.9986
UMB11_06	UMB11_07	Esch_coli_1190	NZ_CP023386.1	4900891	718395	14.6585	718228	99.9768	717916	99.9566	718083	99.9566	683	0.0951	371	54.3192	204	29.8682	318	46.5593	310	45.3880	157	22.9868	151	22.1083	165099	158136	95.7825	171056	148033	86.5407	0.9898
UMB11_06	UMB11_08	Esch_coli_1190	NZ_CP023386.1	4900891	199668	4.0741	199626	99.9790	199556	99.9649	199598	99.9649	162	0.0811	92	56.7901	51	31.4815	92	56.7901	91	56.1728	19	11.7284	18	11.1111	165099	151355	91.6753	158445	158445	100.0000	0.9951
UMB11_06	UMB11_11	Esch_coli_1190	NZ_CP023386.1	4900891	1059446	21.6174	1059249	99.9814	1058911	99.9681	1059108	99.9681	800	0.0755	462	57.7500	269	33.6250	466	58.2500	451	56.3750	60	7.5000	50	6.2500	165099	158136	95.7825	165998	154893	93.3102	0.9964
UMB11_07	UMB11_08	Esch_coli_1190	NZ_CP023386.1	4900891	235328	4.8017	235291	99.9843	235271	99.9915	235308	99.9915	116	0.0493	96	82.7586	60	51.7241	44	37.9310	43	37.0690	9	7.7586	6	5.1724	171056	131119	76.6527	158445	146928	92.7312	0.9909
UMB11_07	UMB11_11	Esch_coli_1190	NZ_CP023386.1	4900891	1284089	26.2011	1283913	99.9863	1283763	99.9883	1283939	99.9883	667	0.0519	517	77.5112	347	52.0240	258	38.6807	254	38.0810	33	4.9475	26	3.8981	171056	154895	90.5522	165998	160523	96.7018	0.9900
UMB11_08	UMB11_11	Esch_coli_1190	NZ_CP023386.1	4900891	358765	7.3204	358752	99.9964	358744	99.9978	358757	99.9978	136	0.0379	128	94.1176	116	85.2941	10	7.3529	9	6.6176	6	4.4118	5	3.6765	158445	146928	92.7312	165998	139943	84.3040	0.9945
