sample	pos	alt	ad
3	14268	G	2
3	210232	T	2
3	224361	A	4
3	248067	G	2
3	265337	G	2
3	296379	A	3
3	310603	G	2
3	629967	A	2
3	751198	G	2
3	751199	G	2
3	753442	G	2
3	844501	T	2
3	847519	C	2
3	847527	C	2
3	847976	T	2
3	847980	T	2
3	847984	A	2
3	848023	A	2
3	852534	A	2
3	881934	C	2
3	892295	T	2
3	892298	C	2
3	892304	T	2
3	923742	G	2
3	923745	A	2
3	939262	C	2
3	939283	G	2
3	939286	G	2
3	939292	C	2
3	939295	T	2
3	939313	A	2
3	939346	C	2
3	940525	A	2
3	940526	C	2
3	940578	T	2
3	940628	A	2
3	940636	C	2
3	940717	G	2
3	940723	C	2
3	949934	T	2
3	958892	T	3
3	958913	T	3
3	958931	C	2
3	958934	T	2
3	958958	T	2
3	959451	T	2
3	978934	G	2
3	978958	T	2
3	980898	C	2
3	983322	G	2
3	983466	A	2
3	983475	C	2
3	983481	C	2
3	983487	G	2
3	983502	G	2
3	984672	T	2
3	984720	A	2
3	984723	G	2
3	984762	G	3
3	984801	T	3
3	984807	C	2
3	984825	A	3
3	984852	A	2
3	984870	T	2
3	995209	A	2
3	1136706	C	2
3	1156832	G	2
3	1199375	G	2
3	1223195	T	2
3	1229663	T	2
3	1297088	G	2
3	1319684	T	2
3	1422782	A	2
3	1468831	A	2
3	1705171	A	2
3	1896378	A	2
3	1984224	G	2
3	2115229	T	2
3	2307146	A	2
3	2363127	A	3
3	2363176	G	4
3	2363310	T	5
3	2365411	C	2
3	2365415	T	2
3	2365439	G	2
3	2365462	T	2
3	2365496	T	2
3	2365502	C	2
3	2368267	T	2
3	2368291	T	2
3	2368294	A	2
3	2378735	C	2
3	2383526	C	2
3	2383561	T	2
3	2384113	T	2
3	2385713	T	2
3	2385719	T	2
3	2385893	T	2
3	2385917	C	2
3	2386478	A	2
3	2386547	C	2
3	2387242	G	2
3	2387248	C	2
3	2387252	C	2
3	2387354	A	2
3	2387421	G	2
3	2387442	C	2
3	2387514	T	2
3	2387544	C	2
3	2395057	A	2
3	2395245	A	2
3	2395303	T	2
3	2395318	G	2
3	2395330	A	2
3	2395333	C	2
3	2516148	A	2
3	2598795	A	2
3	2620059	A	3
3	2666346	T	2
3	2807399	G	2
3	2852133	G	2
3	2855589	C	2
3	2856016	G	2
3	2856795	C	2
3	2856843	G	2
3	2856844	A	2
3	2856858	A	2
3	2856867	G	2
3	3552150	A	2
3	3568311	A	2
3	3732032	T	2
3	3745098	C	2
3	4089240	C	2
3	4137681	T	2
3	4137703	T	2
3	4138307	A	2
3	4139576	A	2
3	4152692	A	2
3	4152918	G	2
3	4154215	C	2
3	4154371	T	2
3	4154378	C	2
3	4156536	G	2
3	4162918	C	2
3	4163132	G	2
3	4164129	A	2
3	4164139	A	2
3	4171660	T	2
3	4172562	T	2
3	4180699	G	2
3	4180863	T	2
3	4181251	G	2
3	4211383	C	2
3	4211422	C	2
3	4211476	G	2
3	4213840	G	2
3	4214293	A	2
3	4214296	A	2
3	4214307	C	2
3	4214320	A	2
3	4214329	T	2
3	4214533	C	3
3	4214617	A	3
3	4214704	T	3
3	4214728	G	3
3	4214758	C	3
3	4214929	T	2
3	4214938	G	2
3	4214956	C	2
3	4215004	C	2
3	4215007	T	2
3	4215032	C	2
3	4218729	T	2
3	4218732	A	2
3	4218735	C	2
3	4218745	C	2
3	4218746	A	2
3	4218747	C	2
3	4218771	G	3
3	4218786	A	3
3	4218792	C	3
3	4218828	T	2
3	4218834	C	2
3	4234369	C	2
3	4252776	T	2
3	4252796	T	2
3	4277716	A	2
3	4277725	A	2
3	4282115	T	2
3	4282935	C	2
3	4282943	G	2
3	4282977	C	2
3	4282978	G	2
3	4282988	T	2
3	4283009	A	2
3	4283018	G	2
3	4283077	C	2
3	4285063	C	3
3	4288061	T	2
3	4288339	T	2
3	4288341	G	2
3	4288359	G	3
3	4292726	G	2
3	4292752	T	2
3	4292906	G	3
3	4295286	A	2
3	4296486	C	4
3	4296694	A	5
3	4299046	G	3
3	4299214	G	2
3	4300052	G	2
3	4300063	G	2
3	4300509	T	2
3	4301346	C	3
3	4305165	G	3
3	4321809	A	2
3	4333508	A	2
3	4333768	G	2
3	4342042	A	3
3	4342045	C	3
3	4342055	G	3
3	4342088	T	3
3	4342247	T	2
3	4342250	C	2
3	4342268	A	3
3	4342283	G	3
3	4342307	G	4
3	4342422	A	2
3	4353661	A	2
3	4353715	A	2
3	4355835	G	3
3	4355837	T	3
3	4356087	G	3
3	4356132	T	2
3	4822113	C	3
3.5	66067	T	2
3.5	175840	G	4
3.5	291212	G	5
3.5	296379	A	2
3.5	393945	A	2
3.5	699977	G	2
3.5	847930	C	2
3.5	847976	T	3
3.5	847980	T	3
3.5	847984	A	3
3.5	874524	C	2
3.5	925352	T	2
3.5	925457	G	2
3.5	925775	C	2
3.5	925816	C	2
3.5	927798	A	2
3.5	927814	G	2
3.5	939202	T	2
3.5	939217	T	2
3.5	939223	T	2
3.5	939224	A	2
3.5	939262	C	2
3.5	939400	A	2
3.5	939421	T	2
3.5	954212	T	2
3.5	954239	A	2
3.5	954260	A	2
3.5	954264	A	2
3.5	954281	T	2
3.5	957941	T	2
3.5	957953	C	2
3.5	957959	T	2
3.5	957974	T	2
3.5	957977	G	2
3.5	957980	T	2
3.5	958001	T	2
3.5	958007	T	2
3.5	958013	T	2
3.5	958016	A	2
3.5	958031	T	2
3.5	958157	T	2
3.5	958166	T	2
3.5	958205	T	2
3.5	960263	A	2
3.5	975138	T	2
3.5	978934	G	2
3.5	979049	T	3
3.5	979213	C	2
3.5	979234	A	3
3.5	981045	G	2
3.5	981339	T	2
3.5	981342	A	2
3.5	982334	C	2
3.5	983844	G	2
3.5	983850	C	2
3.5	983859	C	2
3.5	983880	A	2
3.5	983895	C	2
3.5	983979	A	3
3.5	984018	A	2
3.5	984121	G	2
3.5	984131	A	2
3.5	985080	C	2
3.5	985083	C	2
3.5	985095	A	3
3.5	985101	G	3
3.5	985119	T	3
3.5	985149	C	3
3.5	985152	A	3
3.5	985164	T	2
3.5	985170	C	2
3.5	1732056	T	2
3.5	1947515	C	2
3.5	2244524	T	2
3.5	2362518	A	2
3.5	2362524	C	2
3.5	2362633	T	2
3.5	2378921	A	2
3.5	2378973	C	2
3.5	2379015	A	2
3.5	2379021	T	2
3.5	2379033	G	2
3.5	2379039	G	2
3.5	2379045	C	2
3.5	2379060	C	2
3.5	2379078	C	2
3.5	2379081	T	2
3.5	2379093	T	2
3.5	2382147	C	2
3.5	2387640	G	2
3.5	2389937	A	2
3.5	2390125	G	2
3.5	2390154	A	2
3.5	2391073	A	2
3.5	2391092	A	2
3.5	2391281	T	2
3.5	2391288	A	2
3.5	2393696	G	2
3.5	2393753	C	2
3.5	2553056	T	2
3.5	2680796	A	2
3.5	2852801	T	2
3.5	2854605	T	2
3.5	2857006	C	2
3.5	2857541	T	2
3.5	2857547	A	2
3.5	2857579	G	2
3.5	3180413	A	3
3.5	3380210	T	2
3.5	3693602	A	2
3.5	4071331	A	3
3.5	4089240	C	2
3.5	4133916	T	2
3.5	4133917	G	2
3.5	4133928	A	2
3.5	4133965	A	2
3.5	4134118	G	4
3.5	4134124	T	3
3.5	4134127	C	4
3.5	4134130	A	4
3.5	4134133	G	4
3.5	4134139	A	4
3.5	4134388	A	2
3.5	4140293	G	2
3.5	4152794	A	2
3.5	4153031	C	3
3.5	4153040	T	3
3.5	4154215	C	2
3.5	4162918	C	2
3.5	4165226	G	2
3.5	4167423	A	2
3.5	4167426	C	2
3.5	4167579	T	3
3.5	4167603	A	3
3.5	4211476	G	2
3.5	4213840	G	3
3.5	4213867	G	3
3.5	4214008	G	2
3.5	4214869	C	2
3.5	4214878	A	2
3.5	4214929	T	2
3.5	4217131	C	2
3.5	4217134	A	2
3.5	4217147	C	2
3.5	4217170	C	2
3.5	4218642	G	2
3.5	4218654	C	2
3.5	4234369	C	2
3.5	4241175	A	2
3.5	4252998	C	2
3.5	4277094	G	2
3.5	4288359	G	2
3.5	4295061	A	3
3.5	4316821	G	3
3.5	4333903	A	2
3.5	4333934	A	2
3.5	4338922	C	2
3.5	4338937	C	2
3.5	4338949	A	2
3.5	4338966	A	2
3.5	4356770	T	2
3.5	4556370	G	2
3.5	4837509	T	3
4	4866211	A	2
4.5	14268	G	3
4.5	117540	A	2
4.5	927361	G	2
4.5	927409	T	2
4.5	936363	C	2
4.5	959439	T	2
4.5	959451	T	2
4.5	959571	G	2
4.5	979213	C	2
4.5	982163	T	2
4.5	2380981	T	3
4.5	2395738	C	2
4.5	2854605	T	2
4.5	3291999	C	2
4.5	4134826	G	2
4.5	4152242	G	2
4.5	4196728	T	2
4.5	4288882	T	2
4.5	4288977	A	2
4.5	4414844	G	2
4.5	4414946	G	2
4.5	4556370	G	2
6	21357	G	4
6	21962	A	3
6	70233	G	2
6	85520	A	6
6	175840	G	2
6	210232	T	3
6	248067	G	2
6	261840	T	2
6	265337	G	2
6	268506	T	3
6	335142	C	5
6	335333	G	4
6	355200	T	2
6	501460	G	2
6	551766	T	4
6	631448	C	3
6	751198	G	3
6	751199	G	3
6	775260	T	3
6	833138	G	2
6	833186	A	3
6	833237	T	3
6	833321	C	2
6	833351	A	2
6	842179	T	4
6	842180	T	4
6	842182	G	4
6	842194	C	4
6	842197	A	4
6	842203	T	4
6	842205	G	4
6	842206	C	4
6	842212	C	4
6	842218	T	4
6	842220	A	4
6	842225	G	6
6	842227	T	6
6	842824	T	12
6	842863	C	6
6	842908	G	2
6	842911	T	2
6	842914	C	2
6	843067	A	2
6	843073	A	4
6	843100	G	9
6	843103	C	9
6	843112	C	9
6	843136	T	9
6	843153	A	8
6	843155	A	7
6	843157	C	8
6	843160	C	8
6	843161	C	8
6	843163	G	8
6	843176	A	8
6	843181	C	8
6	843185	G	8
6	843193	G	8
6	843262	A	6
6	843268	T	5
6	843277	T	5
6	843304	C	2
6	843307	C	2
6	843318	A	2
6	844456	C	3
6	844459	G	3
6	844486	A	3
6	844525	C	3
6	844528	A	2
6	844537	C	2
6	844546	T	2
6	844549	G	2
6	844555	A	2
6	844855	G	4
6	845144	G	13
6	845145	C	13
6	845146	A	13
6	845173	A	9
6	845209	G	5
6	845590	T	2
6	845653	T	2
6	845662	C	2
6	845665	G	2
6	845667	C	2
6	845668	C	2
6	845671	T	2
6	845675	G	2
6	845677	C	2
6	845683	T	2
6	845698	C	4
6	845713	T	5
6	845761	C	5
6	845763	C	5
6	845764	A	5
6	845833	G	6
6	845854	G	5
6	845859	G	5
6	845866	G	4
6	845876	A	4
6	845878	G	4
6	845891	G	4
6	845893	A	4
6	845896	G	4
6	845899	A	4
6	845914	C	4
6	846046	G	3
6	846060	T	6
6	846080	G	7
6	846153	A	7
6	846171	C	7
6	846210	C	7
6	846253	T	5
6	846259	G	2
6	846920	C	2
6	848612	A	10
6	848640	C	6
6	848649	C	5
6	848721	A	5
6	848760	T	5
6	848775	G	6
6	848782	C	6
6	849231	A	3
6	849411	A	4
6	849414	C	2
6	849417	A	2
6	849420	G	4
6	850401	T	4
6	850407	T	5
6	850408	C	6
6	850422	T	6
6	850481	C	6
6	850547	G	4
6	850551	C	4
6	850565	T	3
6	850751	G	3
6	850763	G	3
6	850815	A	3
6	850841	C	4
6	850868	T	10
6	851357	T	7
6	851381	T	5
6	851390	G	4
6	851441	T	2
6	851522	A	7
6	851540	A	9
6	851544	T	10
6	851780	C	8
6	856387	A	8
6	856393	A	7
6	856399	A	7
6	856442	A	5
6	856445	A	5
6	856447	T	5
6	856468	C	6
6	856840	C	3
6	856921	G	6
6	856970	A	4
6	856982	G	7
6	856997	T	5
6	857008	G	5
6	857011	G	5
6	857014	G	5
6	857015	C	5
6	857575	G	10
6	857585	G	10
6	857597	G	10
6	857600	G	10
6	857726	T	11
6	857729	G	10
6	857762	C	5
6	857765	G	5
6	857777	G	5
6	857806	C	5
6	857823	A	4
6	857936	A	2
6	857950	G	2
6	867159	T	2
6	867192	C	2
6	867207	C	2
6	867225	A	2
6	867228	G	2
6	867231	T	2
6	867237	G	2
6	867291	A	2
6	869939	C	2
6	869963	T	2
6	870122	C	2
6	875041	T	4
6	881934	C	2
6	882062	C	2
6	882099	G	2
6	882518	C	2
6	882540	T	2
6	883569	G	2
6	883746	G	4
6	904047	C	2
6	915468	C	2
6	915493	C	2
6	915494	A	2
6	915546	T	2
6	915588	C	2
6	923724	G	2
6	923742	G	2
6	923745	A	2
6	926625	T	2
6	926820	A	2
6	928009	A	2
6	959439	T	2
6	959451	T	2
6	959571	G	2
6	959613	C	2
6	959631	A	2
6	959634	G	2
6	961553	T	2
6	961638	T	2
6	966011	C	2
6	969591	G	2
6	969633	A	2
6	970380	A	2
6	970443	A	2
6	970476	A	2
6	970494	A	2
6	970506	A	2
6	970557	G	2
6	970569	C	2
6	970572	C	2
6	975372	T	3
6	975534	T	2
6	977474	T	2
6	977499	A	2
6	977517	T	2
6	980119	G	2
6	980650	T	2
6	985848	G	2
6	985851	A	2
6	985866	A	2
6	985875	T	2
6	985884	T	2
6	985898	A	2
6	985899	A	2
6	985944	G	2
6	986043	G	2
6	986064	C	2
6	986073	C	2
6	986097	A	3
6	986103	G	3
6	986115	T	3
6	986139	T	3
6	986142	A	3
6	986145	C	2
6	986172	C	2
6	986202	A	2
6	987719	C	2
6	987731	A	2
6	987795	A	3
6	987866	A	3
6	1035111	A	2
6	1058668	A	2
6	1077727	G	3
6	1156832	G	6
6	1172370	A	3
6	1245801	G	2
6	1245821	T	2
6	1245824	G	2
6	1245827	T	2
6	1245830	T	2
6	1245836	T	3
6	1245848	C	4
6	1245857	G	4
6	1245860	T	4
6	1245863	T	4
6	1245865	G	7
6	1245875	G	6
6	1245885	T	6
6	1245890	T	7
6	1245896	C	7
6	1245901	T	6
6	1245902	G	7
6	1245908	A	7
6	1245911	T	6
6	1245929	G	6
6	1245947	T	6
6	1245948	G	6
6	1245952	T	6
6	1245974	A	6
6	1245989	A	8
6	1246007	T	11
6	1246020	C	11
6	1246025	A	11
6	1246040	C	12
6	1246070	A	12
6	1246102	G	12
6	1246121	T	12
6	1246137	A	8
6	1246139	T	8
6	1246166	A	5
6	1246175	G	5
6	1246179	A	4
6	1246184	G	4
6	1246191	C	4
6	1246200	A	3
6	1246207	A	3
6	1246208	C	3
6	1246223	T	3
6	1297088	G	3
6	1367184	C	2
6	1689130	T	3
6	1729560	A	2
6	1734727	A	2
6	1746580	G	2
6	1776772	T	2
6	1885121	C	9
6	1885145	C	5
6	1886268	T	3
6	1886269	T	3
6	1886310	T	4
6	1886334	C	4
6	1886358	G	3
6	1886361	C	3
6	1886362	A	3
6	1886364	T	3
6	1886868	G	2
6	1886904	C	2
6	1886910	C	2
6	1886931	T	3
6	1887027	A	3
6	1887033	T	3
6	1888847	G	2
6	1888865	C	2
6	1888877	T	3
6	1888889	T	4
6	1888892	A	4
6	1889529	G	6
6	1889574	T	9
6	1889671	G	8
6	1889697	G	7
6	1889706	C	10
6	1889712	G	10
6	1889713	T	9
6	1889742	T	9
6	1889925	T	10
6	1889928	G	10
6	1889943	T	9
6	1889966	C	7
6	1891012	A	3
6	1891117	C	4
6	1891174	A	4
6	1891960	A	2
6	1892069	T	8
6	1892147	G	4
6	1892220	T	4
6	1894670	C	4
6	1895445	G	6
6	1895469	G	3
6	1895503	T	3
6	1895510	C	2
6	1896331	C	4
6	1896339	T	5
6	1896774	G	6
6	1897026	G	5
6	1897062	T	4
6	1897616	T	3
6	1897637	A	5
6	1897646	T	5
6	1897787	C	4
6	1897892	T	5
6	1897925	C	3
6	1897967	T	4
6	1897979	T	4
6	1898474	C	3
6	1899676	G	8
6	1899892	G	9
6	1899910	T	7
6	1900384	T	2
6	1900388	T	2
6	1900405	G	2
6	1900789	C	3
6	1901407	G	10
6	1901500	G	8
6	1901506	A	8
6	1901509	T	8
6	1901684	T	2
6	1901753	T	4
6	1901835	C	2
6	1901836	T	3
6	1901840	C	5
6	1902080	A	9
6	1902110	A	11
6	1902149	A	11
6	1902152	T	10
6	1902155	G	11
6	1902215	C	8
6	1902248	T	7
6	1902378	T	7
6	1902386	G	7
6	1902797	G	9
6	1903198	G	2
6	1903246	A	2
6	1903393	C	2
6	1903648	T	4
6	1903652	T	4
6	1903654	G	4
6	1903675	T	6
6	1903678	C	6
6	1904332	G	11
6	1904344	G	7
6	1904350	C	5
6	1904400	G	2
6	1904805	C	3
6	1904817	T	3
6	1904841	G	4
6	1904958	T	6
6	1904970	T	6
6	1905084	C	2
6	1905093	C	2
6	1905110	T	2
6	1905135	C	3
6	1905168	T	3
6	1905778	T	4
6	1905781	C	4
6	1905787	G	4
6	1905793	C	4
6	1905811	T	4
6	1905826	T	6
6	1905829	C	6
6	1906459	C	2
6	1906471	G	3
6	1906477	T	6
6	1906498	T	10
6	1906501	C	10
6	1906973	C	6
6	1906981	A	5
6	1921518	T	2
6	1922875	G	3
6	1922886	C	2
6	1922890	T	2
6	1923779	T	9
6	1923897	C	5
6	1923921	A	6
6	1924853	T	2
6	1924856	G	3
6	1926732	A	4
6	1926735	A	4
6	1926762	C	4
6	1927227	T	2
6	1927278	A	5
6	1927290	C	5
6	1930895	G	2
6	1932271	T	8
6	1942746	G	2
6	1942766	T	2
6	1943573	C	4
6	1943576	G	4
6	1945897	C	6
6	1957755	C	2
6	1957765	A	3
6	1957782	A	5
6	1957812	T	5
6	1962068	A	4
6	1962069	T	5
6	1962839	T	7
6	1962845	G	4
6	1962848	T	5
6	1963144	G	6
6	1963146	A	3
6	1963151	A	3
6	1972267	T	8
6	1977187	C	8
6	1979577	A	3
6	1979583	A	2
6	1979649	T	2
6	1980833	C	8
6	1980845	A	7
6	1981813	A	6
6	1981930	C	5
6	1984251	A	2
6	1984303	A	7
6	1984331	C	12
6	1984849	C	5
6	1984866	C	3
6	1986591	G	12
6	1986615	C	6
6	1986630	T	5
6	1987859	A	3
6	1987976	T	4
6	1987988	T	4
6	1988011	G	2
6	1988012	C	2
6	1988030	C	2
6	1994855	A	2
6	1994888	T	3
6	1994899	C	6
6	2000834	G	4
6	2000929	A	2
6	2000950	A	2
6	2000953	C	2
6	2006666	A	2
6	2010567	C	8
6	2010723	A	4
6	2011460	T	2
6	2011643	T	6
6	2011925	C	4
6	2013323	C	3
6	2013329	T	3
6	2013332	C	3
6	2013338	A	3
6	2013341	G	3
6	2016088	T	9
6	2016137	C	2
6	2016146	A	2
6	2016147	C	3
6	2016251	G	4
6	2022374	T	4
6	2022611	G	10
6	2023202	A	2
6	2033049	C	3
6	2033208	T	2
6	2033255	G	2
6	2033822	T	2
6	2034137	G	2
6	2037166	A	2
6	2037174	A	2
6	2037193	G	4
6	2037208	G	4
6	2037209	C	4
6	2037243	C	4
6	2037254	T	4
6	2037337	G	2
6	2037439	A	2
6	2047600	G	2
6	2047921	A	6
6	2047942	G	6
6	2047945	T	6
6	2047974	C	6
6	2050032	G	7
6	2050188	C	6
6	2050209	T	5
6	2050227	G	6
6	2050354	T	11
6	2063596	G	3
6	2063708	T	2
6	2063734	A	2
6	2065356	C	3
6	2065485	T	4
6	2065500	T	5
6	2065506	G	5
6	2065653	C	2
6	2065704	G	2
6	2071059	C	2
6	2077447	A	2
6	2121713	T	2
6	2124686	T	2
6	2144497	C	3
6	2162996	T	2
6	2163082	T	3
6	2184725	G	3
6	2198535	T	3
6	2273393	T	2
6	2287620	A	2
6	2319687	G	3
6	2331303	T	3
6	2360895	A	3
6	2364443	A	5
6	2364446	C	5
6	2365667	A	2
6	2365682	T	3
6	2365685	G	3
6	2365688	A	3
6	2365712	C	8
6	2368303	A	8
6	2368304	C	8
6	2368306	T	8
6	2368319	C	8
6	2368369	C	2
6	2369109	T	2
6	2369156	T	7
6	2369169	G	10
6	2369178	C	10
6	2369466	C	3
6	2369482	A	2
6	2373910	T	10
6	2374308	A	10
6	2374325	A	4
6	2374329	G	3
6	2374335	T	3
6	2374342	A	3
6	2374344	A	3
6	2374350	G	3
6	2374352	G	3
6	2374401	C	2
6	2374404	T	3
6	2374419	A	3
6	2374425	A	3
6	2374426	T	3
6	2374434	C	7
6	2376354	C	2
6	2376363	G	2
6	2379956	G	6
6	2379997	T	2
6	2381564	A	5
6	2381602	G	11
6	2381605	G	11
6	2384746	A	2
6	2384766	C	2
6	2386253	C	3
6	2386343	G	4
6	2386391	T	3
6	2386436	A	3
6	2386547	C	2
6	2387242	G	2
6	2387248	C	2
6	2387252	C	2
6	2387304	T	2
6	2387354	A	3
6	2387421	G	2
6	2387442	C	2
6	2387496	A	3
6	2387514	T	4
6	2387544	C	3
6	2387703	C	2
6	2387796	A	2
6	2389170	G	2
6	2392085	C	2
6	2392622	G	2
6	2392644	A	2
6	2392716	C	2
6	2396644	T	3
6	2396873	A	2
6	2396891	T	2
6	2398394	C	2
6	2398598	T	2
6	2406709	A	11
6	2407372	G	3
6	2407424	T	2
6	2430552	G	2
6	2490114	C	3
6	2490189	A	2
6	2490198	T	2
6	2490240	C	2
6	2528792	T	2
6	2528801	A	2
6	2528804	C	2
6	2528813	C	2
6	2528825	T	3
6	2528839	A	3
6	2528842	A	3
6	2528849	C	3
6	2528852	T	3
6	2528858	A	3
6	2528862	T	3
6	2528890	G	3
6	2528956	A	3
6	2528997	C	3
6	2528999	G	3
6	2529000	G	3
6	2529954	C	2
6	2531687	A	10
6	2531732	G	8
6	2531735	T	8
6	2531785	A	3
6	2531791	T	3
6	2531863	T	11
6	2532101	G	9
6	2532103	A	8
6	2532109	G	6
6	2532856	A	2
6	2532886	G	4
6	2532901	G	4
6	2532943	A	6
6	2532949	G	6
6	2533215	C	2
6	2533218	C	2
6	2533236	T	2
6	2534487	G	3
6	2534518	A	10
6	2534538	A	10
6	2534550	A	10
6	2534553	A	10
6	2534559	C	10
6	2534580	T	10
6	2583353	A	3
6	2589583	A	3
6	2598795	A	3
6	2666346	T	3
6	2826722	T	2
6	2826728	A	2
6	2826743	C	2
6	2826746	G	2
6	2826747	C	2
6	2826758	A	2
6	2826771	T	3
6	2826773	A	3
6	2826779	T	4
6	2826824	T	4
6	2826829	G	4
6	2826860	T	5
6	2826890	G	4
6	2826897	A	5
6	2826911	G	5
6	2826920	C	5
6	2826930	T	5
6	2826938	A	2
6	2826941	T	2
6	2826947	C	2
6	2826948	A	2
6	2826953	G	2
6	2826964	A	2
6	2852133	G	2
6	2852183	A	3
6	2852201	C	3
6	2857053	G	2
6	2857077	A	2
6	2857110	T	2
6	2857273	C	2
6	2857283	T	2
6	2857287	T	2
6	2857328	C	2
6	2857351	A	2
6	2857372	A	3
6	2857631	A	2
6	2926388	G	2
6	2928835	T	2
6	2982252	A	6
6	3152705	G	4
6	3205939	G	2
6	3270665	T	2
6	3367410	A	2
6	3437631	T	2
6	3480014	G	2
6	3485714	A	9
6	3485774	A	2
6	3520361	G	2
6	3520376	G	2
6	3520381	C	2
6	3525265	G	3
6	3525279	T	4
6	3525280	T	4
6	3525340	C	8
6	3525570	C	4
6	3525640	A	3
6	3568311	A	3
6	3595040	G	2
6	3612035	T	3
6	3732032	T	3
6	3745098	C	2
6	3825756	C	2
6	3859379	C	4
6	3859388	A	5
6	3859397	G	9
6	3877297	G	3
6	3877336	T	2
6	3877337	A	2
6	3877351	T	2
6	3877714	G	2
6	3877735	C	2
6	3877738	C	2
6	3877750	G	2
6	3877762	G	2
6	3877816	C	3
6	3877858	T	3
6	3877864	C	3
6	3877879	G	3
6	3877885	G	3
6	3877956	C	2
6	3882713	A	6
6	3882722	A	6
6	3882752	G	6
6	3882767	G	3
6	3882809	A	3
6	3882815	G	6
6	3882857	G	8
6	3883103	T	2
6	3883178	C	2
6	3883181	C	2
6	3883210	G	2
6	3883217	A	2
6	3905477	T	2
6	3941237	G	2
6	4071331	A	2
6	4113728	G	2
6	4131718	T	4
6	4131784	T	2
6	4133917	G	2
6	4133928	A	2
6	4133965	A	2
6	4134019	A	2
6	4140293	G	3
6	4140341	C	2
6	4141647	C	2
6	4142271	A	3
6	4142529	A	2
6	4149292	G	2
6	4149331	T	2
6	4152575	C	2
6	4153259	T	2
6	4153862	C	2
6	4153964	T	2
6	4154614	A	2
6	4154629	G	2
6	4154635	T	2
6	4154770	T	2
6	4155034	A	2
6	4156320	G	3
6	4156407	A	4
6	4156466	G	2
6	4157609	G	4
6	4157612	G	4
6	4157692	A	4
6	4157780	T	3
6	4158151	C	3
6	4158418	C	2
6	4158463	G	2
6	4161384	T	2
6	4161522	G	3
6	4161814	T	2
6	4161834	T	2
6	4161900	T	2
6	4162445	A	3
6	4162448	G	3
6	4162486	A	3
6	4162499	T	2
6	4162544	C	2
6	4163132	G	2
6	4163177	T	3
6	4163228	G	3
6	4163711	C	2
6	4163783	A	2
6	4164393	C	2
6	4164423	T	2
6	4164459	T	2
6	4164474	C	2
6	4164845	G	2
6	4165226	G	6
6	4165406	A	2
6	4165481	T	3
6	4165484	G	3
6	4165490	A	3
6	4165532	T	4
6	4172137	A	4
6	4172209	A	2
6	4172212	G	2
6	4172215	A	2
6	4172221	G	2
6	4172224	T	2
6	4172250	A	2
6	4175532	G	6
6	4175754	G	3
6	4176673	G	2
6	4176684	C	2
6	4178075	T	2
6	4178132	G	2
6	4178174	G	2
6	4178206	G	2
6	4178222	T	2
6	4182016	C	2
6	4212018	C	2
6	4212284	A	2
6	4212586	T	2
6	4212628	T	3
6	4212631	C	3
6	4212706	T	4
6	4212733	G	5
6	4212742	A	4
6	4212745	A	4
6	4212757	G	4
6	4212810	T	3
6	4212886	T	4
6	4212976	A	3
6	4212991	T	2
6	4213375	C	2
6	4213492	C	2
6	4214293	A	2
6	4214296	A	2
6	4214307	C	3
6	4214320	A	3
6	4214329	T	3
6	4214344	A	4
6	4214377	G	5
6	4214383	A	5
6	4214392	C	5
6	4214479	A	5
6	4214533	C	5
6	4214617	A	2
6	4214758	C	2
6	4214827	G	2
6	4214869	C	3
6	4214878	A	4
6	4214929	T	3
6	4214938	G	3
6	4214956	C	3
6	4215004	C	3
6	4215007	T	3
6	4215032	C	2
6	4215403	A	2
6	4215463	A	2
6	4215532	T	2
6	4216813	T	2
6	4216919	C	3
6	4216954	T	2
6	4216984	A	2
6	4217014	C	2
6	4217017	C	2
6	4217059	C	2
6	4217170	C	2
6	4217265	A	2
6	4217278	C	2
6	4217296	T	2
6	4217305	G	3
6	4217336	G	2
6	4217362	T	3
6	4217368	T	3
6	4217377	G	3
6	4217420	T	2
6	4217470	C	2
6	4217476	C	2
6	4217524	C	3
6	4217543	G	2
6	4217544	G	2
6	4217596	A	2
6	4217602	T	2
6	4233018	G	3
6	4233220	G	2
6	4234369	C	2
6	4247370	A	5
6	4252909	A	3
6	4252918	A	3
6	4252998	C	3
6	4253061	G	2
6	4276762	A	3
6	4277094	G	2
6	4277245	T	3
6	4277251	G	3
6	4277624	C	4
6	4279501	T	3
6	4279592	G	2
6	4279771	T	2
6	4282805	T	3
6	4282935	C	2
6	4282943	G	2
6	4283105	C	4
6	4283128	A	6
6	4283140	T	5
6	4283141	G	5
6	4283155	G	5
6	4285063	C	2
6	4287185	T	3
6	4287774	C	3
6	4287806	C	3
6	4287824	G	3
6	4287831	C	3
6	4287960	C	4
6	4288064	G	4
6	4288299	C	2
6	4288359	G	6
6	4288409	C	7
6	4288410	A	7
6	4289825	T	2
6	4290061	T	2
6	4290233	G	2
6	4290276	A	2
6	4291167	G	3
6	4291262	G	2
6	4292906	G	3
6	4293259	G	10
6	4295061	A	2
6	4296486	C	2
6	4298663	A	2
6	4299046	G	4
6	4299131	G	5
6	4300825	T	2
6	4303672	G	3
6	4304241	A	2
6	4311780	A	5
6	4311784	G	5
6	4316821	G	4
6	4319223	C	2
6	4319881	C	2
6	4319894	A	2
6	4319913	T	2
6	4319916	T	2
6	4324249	T	2
6	4331083	A	2
6	4333436	T	2
6	4333469	C	2
6	4333768	G	2
6	4334814	A	2
6	4334913	G	3
6	4334955	T	2
6	4335651	T	2
6	4335666	T	2
6	4335690	A	2
6	4335699	C	2
6	4335702	G	2
6	4335795	T	2
6	4336323	T	2
6	4336356	T	2
6	4336371	T	2
6	4340220	A	2
6	4342045	C	2
6	4342055	G	2
6	4342088	T	2
6	4342283	G	2
6	4344133	C	2
6	4346538	C	2
6	4346613	C	2
6	4346697	A	2
6	4351123	A	3
6	4351150	A	3
6	4353631	G	2
6	4353661	A	2
6	4353715	A	2
6	4362011	A	2
6	4374624	T	2
6	4374708	G	2
6	4374720	G	2
6	4374738	G	2
6	4374756	A	3
6	4374819	T	3
6	4374879	G	2
6	4376579	A	3
6	4392167	C	3
6	4414844	G	2
6	4470115	A	2
6	4566226	T	2
6	4566348	T	2
6	4730776	G	2
6	4759655	A	9
6	4759795	T	2
6	4788832	G	11
6	4822113	C	3
6	4889735	T	2
7	66067	T	2
7	85520	A	3
7	117540	A	3
7	207283	A	2
7	210232	T	5
7	224361	A	4
7	252710	C	2
7	252713	C	2
7	252719	C	2
7	284160	T	2
7	296379	A	3
7	332720	T	2
7	332744	G	2
7	332771	T	2
7	332810	T	2
7	347215	A	3
7	355200	T	2
7	356532	A	2
7	356585	G	2
7	356600	G	2
7	407800	A	3
7	414101	G	5
7	416300	G	2
7	416391	G	3
7	416459	T	2
7	532752	T	2
7	631448	C	3
7	731030	T	2
7	751198	G	2
7	751199	G	2
7	775260	T	2
7	838107	T	2
7	838125	T	2
7	847734	T	5
7	847735	G	5
7	847758	C	5
7	847774	A	4
7	847811	A	3
7	847891	A	3
7	849897	A	2
7	849987	T	2
7	850107	C	3
7	850110	G	3
7	850116	T	3
7	850341	C	2
7	850422	T	2
7	850425	C	2
7	852534	A	3
7	853202	T	2
7	854374	T	2
7	857597	T	2
7	857639	G	2
7	857665	C	2
7	857687	G	2
7	857699	T	2
7	857714	A	2
7	859987	G	2
7	860012	G	2
7	860023	T	2
7	892109	C	2
7	892295	T	3
7	892304	T	6
7	900824	T	3
7	900989	G	2
7	900992	A	2
7	901019	A	2
7	914482	G	2
7	914485	G	2
7	914488	A	2
7	914527	T	2
7	915193	C	2
7	915220	C	2
7	915247	T	2
7	915254	G	3
7	915261	C	3
7	915283	T	3
7	915298	C	3
7	915387	T	2
7	915397	T	2
7	915468	C	2
7	915493	C	2
7	915494	A	2
7	915546	T	2
7	923445	T	2
7	923481	T	2
7	923646	A	2
7	925352	T	2
7	925457	G	3
7	926502	A	2
7	926514	C	2
7	926520	T	2
7	926625	T	3
7	926859	A	2
7	927798	A	2
7	927814	G	2
7	928009	A	2
7	928795	A	2
7	929886	T	3
7	929931	A	3
7	929964	T	3
7	930003	T	3
7	930048	C	2
7	936225	A	2
7	936363	C	3
7	939055	G	2
7	939063	A	2
7	939074	G	2
7	939088	C	2
7	939139	A	2
7	939151	C	2
7	939154	A	2
7	939202	T	3
7	939217	T	3
7	939223	T	3
7	939224	A	3
7	939262	C	3
7	939283	G	4
7	939286	G	4
7	939292	C	4
7	939295	T	4
7	939313	A	4
7	939567	T	2
7	939597	T	4
7	939600	T	4
7	939618	T	4
7	943033	T	2
7	943039	T	3
7	943045	A	3
7	943063	C	3
7	943079	A	3
7	943081	T	3
7	943108	T	3
7	943116	C	3
7	943126	A	2
7	943198	T	2
7	943219	T	2
7	943262	T	2
7	944366	T	2
7	944368	G	2
7	944369	T	2
7	944374	T	2
7	944377	A	2
7	944383	C	2
7	944410	A	2
7	944422	T	2
7	944464	G	2
7	944476	C	2
7	944479	A	2
7	950663	C	2
7	950709	C	2
7	950712	A	2
7	950751	A	3
7	950760	C	3
7	950787	T	3
7	950789	C	2
7	950795	G	3
7	950802	G	3
7	950820	G	3
7	950835	T	3
7	950877	G	2
7	958001	T	3
7	958007	T	3
7	958013	T	3
7	958016	A	3
7	958031	T	3
7	958040	T	3
7	958091	G	2
7	958097	T	2
7	958157	T	2
7	958166	T	2
7	958205	T	3
7	958241	T	2
7	958283	T	2
7	959063	C	2
7	964659	T	2
7	964668	A	3
7	964679	A	2
7	964710	C	2
7	964773	A	2
7	964827	A	3
7	964857	T	3
7	964893	A	3
7	964896	G	2
7	965340	A	2
7	966506	T	2
7	970164	A	2
7	970245	T	2
7	970557	G	2
7	970569	C	2
7	970572	C	2
7	970596	T	3
7	970707	T	3
7	970857	C	3
7	970977	C	2
7	970992	T	2
7	971037	A	3
7	971040	G	2
7	971076	G	3
7	971093	T	3
7	971094	T	3
7	971105	C	3
7	971139	A	2
7	972395	G	2
7	972396	C	2
7	972397	A	2
7	972400	G	2
7	972410	T	2
7	972411	G	2
7	972469	A	2
7	972475	G	2
7	972490	G	2
7	972493	G	2
7	974727	G	2
7	975372	T	2
7	975414	G	3
7	975417	C	3
7	975420	T	4
7	975435	G	5
7	975534	T	6
7	975553	T	6
7	978934	G	3
7	978958	T	3
7	979015	T	3
7	979049	T	4
7	980445	C	2
7	980456	T	2
7	980650	T	4
7	980979	G	2
7	981045	G	2
7	983163	G	2
7	983304	A	2
7	983466	A	2
7	985968	C	2
7	985989	G	2
7	985998	C	2
7	986043	G	2
7	986064	C	2
7	986073	C	2
7	991974	G	2
7	991977	C	2
7	991980	C	2
7	1058668	A	3
7	1076776	A	2
7	1136706	C	3
7	1156832	G	3
7	1192148	T	2
7	1223195	T	2
7	1223332	G	2
7	1223482	T	2
7	1223497	C	2
7	1223505	C	2
7	1223533	G	2
7	1223537	C	2
7	1223539	G	2
7	1223557	C	2
7	1223662	A	2
7	1223686	G	2
7	1246339	A	3
7	1246405	A	3
7	1246470	A	3
7	1246480	C	2
7	1246485	A	2
7	1246501	T	2
7	1246607	A	5
7	1246700	G	3
7	1276650	A	2
7	1319684	T	2
7	1331761	T	2
7	1367184	C	3
7	1468831	A	3
7	1480997	T	3
7	1499434	C	2
7	1534930	A	4
7	1534955	C	3
7	1534971	C	3
7	1534972	A	3
7	1535104	C	4
7	1535131	T	7
7	1535152	A	3
7	1535366	A	5
7	1535521	T	2
7	1535536	C	2
7	1543645	T	3
7	1543765	G	2
7	1543846	C	3
7	1543876	G	3
7	1543884	A	3
7	1543903	A	3
7	1543941	G	2
7	1543975	G	2
7	1543986	T	2
7	1544054	C	4
7	1544119	C	3
7	1544181	G	5
7	1544193	G	3
7	1544203	T	3
7	1544332	G	5
7	1544339	T	6
7	1544348	C	6
7	1544381	A	7
7	1544396	G	7
7	1544420	C	8
7	1544432	A	6
7	1544525	T	7
7	1544563	C	6
7	1544632	A	5
7	1544737	A	5
7	1544746	G	5
7	1544748	C	5
7	1544802	C	4
7	1544817	T	4
7	1544907	C	4
7	1544916	T	4
7	1544931	C	4
7	1544997	C	4
7	1545000	T	3
7	1545006	A	3
7	1545009	T	3
7	1545225	A	2
7	1545240	G	2
7	1545255	A	2
7	1545294	G	2
7	1545348	T	2
7	1546323	G	3
7	1546363	A	4
7	1546380	C	4
7	1546458	T	6
7	1546578	C	7
7	1546687	A	4
7	1546705	A	4
7	1546714	A	2
7	1546726	A	2
7	1546789	A	4
7	1546822	A	4
7	1546840	A	4
7	1546843	C	4
7	1546846	A	4
7	1546882	C	5
7	1546891	A	5
7	1546906	T	3
7	1546937	T	2
7	1546942	G	2
7	1546951	G	3
7	1546954	A	3
7	1546966	G	3
7	1547050	T	5
7	1547095	A	5
7	1566712	T	2
7	1566766	A	3
7	1566773	A	3
7	1566784	G	3
7	1566874	A	3
7	1566883	C	3
7	1566885	A	3
7	1566886	T	3
7	1566910	C	4
7	1566955	A	2
7	1566969	G	2
7	1566988	C	2
7	1567009	A	2
7	1567018	C	2
7	1567024	G	2
7	1567048	G	2
7	1567156	A	2
7	1567240	T	2
7	1567252	T	2
7	1567267	C	3
7	1567285	G	2
7	1567336	A	3
7	1567339	T	3
7	1567564	T	2
7	1567603	G	4
7	1567612	T	4
7	1567618	T	4
7	1567639	T	4
7	1567714	T	2
7	1568706	A	3
7	1568796	A	3
7	1572852	G	2
7	1688045	G	3
7	1688148	G	2
7	1688164	T	2
7	1688263	G	2
7	1692533	G	2
7	1692551	C	2
7	1746580	G	2
7	1833808	A	2
7	1834099	T	2
7	1834600	A	2
7	1837709	T	3
7	1837720	T	3
7	1837812	C	2
7	1885026	A	3
7	1902797	G	2
7	1902835	T	2
7	1947515	C	2
7	1953152	T	2
7	1953204	C	3
7	1953206	G	3
7	1953209	C	3
7	1953215	C	3
7	1953218	C	3
7	1953224	A	3
7	1953240	G	3
7	1953251	G	3
7	1953281	T	3
7	1953380	A	2
7	1953383	T	2
7	1953395	G	2
7	1953398	G	2
7	1953399	T	2
7	1953400	T	2
7	1953410	A	2
7	1953413	C	2
7	1953423	G	2
7	1953446	T	2
7	1953451	C	2
7	1970609	G	2
7	1970622	T	2
7	1971041	A	2
7	1971048	A	2
7	1971111	A	2
7	2004905	G	2
7	2112776	T	2
7	2121713	T	4
7	2164450	C	3
7	2198535	T	2
7	2208419	T	2
7	2241859	G	2
7	2300784	G	3
7	2301639	C	2
7	2304870	T	2
7	2307146	A	3
7	2309543	T	5
7	2361285	A	2
7	2362633	T	3
7	2362659	T	2
7	2363691	C	2
7	2363698	C	2
7	2364776	C	2
7	2364786	G	2
7	2364789	T	2
7	2364796	C	2
7	2364799	T	2
7	2364813	T	2
7	2364821	A	2
7	2364822	T	2
7	2364823	T	2
7	2364824	G	2
7	2365162	C	2
7	2365406	T	2
7	2365411	C	2
7	2365415	T	2
7	2365941	G	2
7	2365959	C	2
7	2365987	T	2
7	2367950	A	2
7	2376050	G	2
7	2382509	G	3
7	2382560	A	3
7	2382653	T	3
7	2383526	C	2
7	2383971	C	2
7	2383982	T	2
7	2384113	T	2
7	2384374	C	3
7	2384403	C	3
7	2384440	A	3
7	2384491	A	2
7	2384746	A	2
7	2384766	C	2
7	2384786	C	2
7	2385164	G	3
7	2385218	G	3
7	2385224	A	3
7	2385250	T	4
7	2385251	C	4
7	2385311	C	3
7	2385410	T	4
7	2385416	A	4
7	2385425	A	3
7	2385455	T	3
7	2385464	T	3
7	2385506	G	3
7	2385570	A	3
7	2385605	A	3
7	2385614	A	3
7	2385713	T	4
7	2385719	T	4
7	2385818	A	4
7	2385893	T	3
7	2385917	C	3
7	2385929	A	3
7	2385942	A	3
7	2385955	A	2
7	2385959	C	2
7	2385974	C	2
7	2385992	A	4
7	2386253	C	2
7	2386343	G	3
7	2386391	T	2
7	2386436	A	3
7	2386478	A	3
7	2386547	C	2
7	2387118	G	2
7	2387242	G	2
7	2387248	C	3
7	2387252	C	3
7	2387304	T	3
7	2387354	A	3
7	2387421	G	3
7	2387442	C	3
7	2387496	A	3
7	2387514	T	2
7	2387544	C	2
7	2388734	G	3
7	2388749	T	4
7	2388888	G	3
7	2389170	G	6
7	2390294	G	2
7	2390321	C	2
7	2390345	G	2
7	2390480	C	3
7	2390483	T	3
7	2390519	T	2
7	2390573	G	4
7	2390597	C	2
7	2390627	C	2
7	2390672	T	3
7	2390725	C	2
7	2390730	A	2
7	2390747	A	2
7	2390750	A	2
7	2390751	T	2
7	2390759	G	2
7	2390942	C	4
7	2390943	G	4
7	2390951	G	4
7	2390952	A	4
7	2390963	T	4
7	2390967	A	4
7	2390970	G	4
7	2390976	A	4
7	2390987	A	4
7	2391028	G	5
7	2391073	A	3
7	2391092	A	2
7	2391144	A	3
7	2391181	T	3
7	2391182	G	3
7	2391224	G	2
7	2391386	G	2
7	2391395	T	2
7	2391403	T	2
7	2391408	G	2
7	2391409	A	2
7	2391410	T	2
7	2391421	C	2
7	2391485	C	4
7	2392085	C	4
7	2392262	G	3
7	2392271	C	3
7	2392283	G	2
7	2392294	C	2
7	2392354	A	2
7	2392364	T	2
7	2392385	C	2
7	2392387	G	2
7	2392391	T	2
7	2392644	A	2
7	2392716	C	4
7	2392977	T	3
7	2393030	C	2
7	2393039	A	2
7	2393042	G	2
7	2393048	G	2
7	2393141	G	2
7	2393180	G	2
7	2393216	T	2
7	2393227	C	2
7	2393228	G	2
7	2393238	A	2
7	2393243	G	2
7	2393456	T	2
7	2393490	G	2
7	2393525	G	2
7	2393726	C	2
7	2393753	C	2
7	2393990	A	2
7	2394569	G	2
7	2394591	T	2
7	2394638	G	2
7	2394660	T	2
7	2394730	C	2
7	2395414	A	5
7	2395469	A	4
7	2395594	C	3
7	2395639	T	5
7	2395651	G	5
7	2395654	C	5
7	2395664	G	4
7	2395666	T	4
7	2395669	T	4
7	2396154	A	3
7	2396278	A	3
7	2396279	C	3
7	2396280	G	3
7	2396283	G	3
7	2396708	C	2
7	2396873	A	2
7	2396891	T	3
7	2397008	C	4
7	2397152	A	4
7	2397158	G	4
7	2397177	C	4
7	2397205	T	4
7	2397207	G	4
7	2397239	T	3
7	2397266	G	3
7	2398394	C	2
7	2398430	C	2
7	2398571	G	2
7	2398598	T	2
7	2398613	T	2
7	2430552	G	2
7	2529954	C	3
7	2578443	G	4
7	2666346	T	2
7	2721283	A	2
7	2807399	G	3
7	2850826	C	3
7	2855589	C	5
7	2855738	C	2
7	2856016	G	2
7	2856052	G	2
7	2856606	C	2
7	2856618	A	3
7	2856619	A	3
7	2856714	C	3
7	2856730	G	3
7	2856795	C	2
7	2856816	C	3
7	2856819	T	4
7	2856828	C	4
7	2856843	G	4
7	2856844	A	3
7	2856858	A	4
7	2856867	G	4
7	2857421	T	2
7	2857430	G	2
7	2857472	G	2
7	2857478	G	2
7	2857541	T	2
7	2857547	A	2
7	2893458	A	2
7	2915973	A	2
7	2926388	G	2
7	3001880	G	2
7	3001964	T	2
7	3152705	G	2
7	3198645	C	2
7	3270665	T	3
7	3274059	A	5
7	3279941	T	2
7	3279942	T	2
7	3279953	G	2
7	3279981	T	2
7	3279984	G	2
7	3279990	T	2
7	3367410	A	3
7	3373747	G	2
7	3373783	C	2
7	3373801	C	2
7	3386092	A	2
7	3400955	C	2
7	3437631	T	3
7	3475704	A	2
7	3552150	A	2
7	3568311	A	2
7	3693602	A	2
7	3839307	A	4
7	3901506	T	2
7	3901533	T	2
7	3901551	A	2
7	3901686	A	2
7	3901707	A	3
7	3901743	A	3
7	3901755	A	3
7	3901794	C	3
7	3929949	A	2
7	4006308	T	2
7	4025506	A	3
7	4102280	A	2
7	4102284	T	2
7	4117952	A	2
7	4131718	T	2
7	4132485	A	2
7	4132653	T	2
7	4132701	A	2
7	4132707	G	2
7	4133916	T	3
7	4133917	G	3
7	4133928	A	2
7	4134118	G	2
7	4134124	T	3
7	4134127	C	2
7	4134130	A	3
7	4134133	G	3
7	4134139	A	2
7	4134388	A	2
7	4138064	T	2
7	4138181	G	3
7	4138307	A	2
7	4138634	C	2
7	4139229	T	2
7	4139525	C	3
7	4139576	A	2
7	4141647	C	3
7	4141704	T	2
7	4141726	G	2
7	4141794	A	2
7	4142271	A	3
7	4142421	C	5
7	4142529	A	5
7	4145087	A	2
7	4145102	A	2
7	4146191	G	2
7	4148528	A	2
7	4152575	C	2
7	4152794	A	2
7	4153040	T	2
7	4153259	T	2
7	4153403	A	2
7	4154215	C	5
7	4154371	T	4
7	4154378	C	4
7	4154614	A	3
7	4154629	G	3
7	4154635	T	2
7	4154770	T	2
7	4154992	C	2
7	4155034	A	2
7	4156212	T	4
7	4157609	G	4
7	4157612	G	4
7	4157692	A	2
7	4157780	T	3
7	4158418	C	3
7	4162114	A	2
7	4162445	A	3
7	4162448	G	3
7	4162486	A	2
7	4163132	G	2
7	4163177	T	2
7	4163381	G	2
7	4164261	C	2
7	4165406	A	2
7	4165481	T	2
7	4165484	G	2
7	4165490	A	2
7	4165532	T	2
7	4171519	C	2
7	4171540	C	2
7	4171546	A	2
7	4171660	T	3
7	4171774	C	4
7	4171792	A	3
7	4171793	T	3
7	4171803	A	3
7	4171804	A	3
7	4171807	T	2
7	4171876	G	2
7	4171907	C	2
7	4171912	G	2
7	4174247	G	2
7	4174580	G	2
7	4174583	T	2
7	4176673	G	2
7	4176684	C	2
7	4177404	A	2
7	4177443	A	2
7	4177706	A	2
7	4180699	G	2
7	4181057	G	3
7	4181080	T	3
7	4181087	G	3
7	4181111	T	3
7	4181117	C	3
7	4181118	G	3
7	4181120	G	3
7	4181144	C	3
7	4181162	G	3
7	4181177	A	2
7	4181219	G	2
7	4181251	G	3
7	4187278	T	2
7	4187289	A	2
7	4211746	T	2
7	4211829	C	2
7	4211846	G	2
7	4212018	C	3
7	4212097	C	3
7	4212472	C	2
7	4212586	T	2
7	4212628	T	2
7	4212745	A	2
7	4212757	G	2
7	4212810	T	2
7	4212886	T	2
7	4213402	G	2
7	4213433	T	2
7	4213492	C	2
7	4213648	T	3
7	4213651	C	3
7	4213681	T	2
7	4213840	G	6
7	4213867	G	4
7	4213951	G	4
7	4214008	G	2
7	4214107	A	5
7	4214110	A	5
7	4214134	T	4
7	4214137	C	4
7	4214174	A	5
7	4214204	T	5
7	4214293	A	2
7	4214296	A	3
7	4214307	C	3
7	4214320	A	3
7	4214329	T	3
7	4214344	A	2
7	4214479	A	3
7	4214533	C	2
7	4214617	A	4
7	4214704	T	4
7	4214728	G	4
7	4214758	C	3
7	4214827	G	5
7	4214869	C	4
7	4214878	A	4
7	4214929	T	3
7	4214938	G	2
7	4214956	C	2
7	4215004	C	2
7	4215007	T	2
7	4215032	C	2
7	4215145	G	2
7	4215149	G	2
7	4215150	G	2
7	4215311	T	2
7	4215316	C	2
7	4215463	A	2
7	4215490	C	2
7	4215517	G	2
7	4215532	T	2
7	4215544	T	2
7	4215562	A	2
7	4215637	C	2
7	4215643	C	2
7	4215691	A	2
7	4215754	T	2
7	4215763	G	2
7	4216813	T	2
7	4216984	A	2
7	4216994	T	2
7	4217014	C	2
7	4217017	C	2
7	4217131	C	2
7	4217134	A	2
7	4217147	C	2
7	4217170	C	2
7	4218786	A	2
7	4218792	C	2
7	4218828	T	2
7	4218834	C	2
7	4230204	G	3
7	4231859	A	2
7	4233018	G	2
7	4233220	G	4
7	4239012	A	3
7	4239131	G	4
7	4241175	A	5
7	4276762	A	2
7	4277290	A	2
7	4278828	G	3
7	4278837	G	3
7	4279118	C	2
7	4279501	T	2
7	4282259	C	2
7	4287185	T	5
7	4289269	G	2
7	4289288	C	2
7	4289353	C	3
7	4289385	T	2
7	4289522	C	3
7	4289825	T	2
7	4290061	T	4
7	4290206	C	3
7	4290233	G	4
7	4290276	A	4
7	4290316	C	3
7	4290870	A	2
7	4291167	G	3
7	4292090	A	2
7	4293259	G	4
7	4296486	C	2
7	4296803	A	2
7	4297492	T	3
7	4297546	G	2
7	4298663	A	6
7	4299046	G	5
7	4299131	G	5
7	4299214	G	6
7	4300509	T	3
7	4300825	T	2
7	4301667	T	2
7	4303195	T	2
7	4303672	G	3
7	4308774	A	3
7	4316821	G	4
7	4319223	C	3
7	4321809	A	2
7	4330646	A	3
7	4333436	T	2
7	4333469	C	2
7	4333508	A	2
7	4333768	G	2
7	4333903	A	2
7	4333934	A	2
7	4333960	G	2
7	4346697	A	2
7	4347033	T	2
7	4349166	A	2
7	4349365	T	3
7	4350103	G	3
7	4350217	A	3
7	4350253	G	2
7	4350259	A	2
7	4350283	G	2
7	4350367	A	2
7	4353631	G	2
7	4355531	T	2
7	4355570	A	2
7	4355769	T	3
7	4355835	G	4
7	4355837	T	4
7	4355936	T	2
7	4355968	A	3
7	4356770	T	2
7	4357040	G	2
7	4360283	G	2
7	4360295	C	2
7	4360418	A	2
7	4360427	C	2
7	4360502	A	2
7	4366807	G	2
7	4366813	A	2
7	4366891	A	3
7	4375982	T	2
7	4376687	A	2
7	4388865	A	3
7	4389072	A	3
7	4389087	A	3
7	4470115	A	2
7	4510595	A	5
7	4556370	G	2
7	4614779	A	3
7	4822113	C	2
7	4837509	T	2
7	4866211	A	3
7	4889735	T	4
8	173609	G	2
8	291212	G	2
8	296379	A	2
8	731030	T	2
8	751198	G	2
8	751199	G	2
8	850341	C	2
8	853973	G	2
8	875877	C	2
8	875878	T	2
8	875881	T	2
8	875922	C	2
8	875924	G	2
8	875926	T	2
8	875982	C	2
8	875989	T	2
8	892298	C	2
8	942787	T	2
8	942820	C	2
8	943033	T	2
8	949723	G	2
8	949934	T	2
8	955627	A	2
8	955801	C	2
8	955837	G	2
8	962089	T	2
8	962107	T	3
8	975889	A	2
8	977939	A	2
8	987584	A	2
8	987602	T	2
8	987629	G	2
8	987731	A	2
8	987795	A	2
8	987866	A	2
8	999696	A	2
8	1007300	G	2
8	1229663	T	2
8	1502618	T	2
8	1831598	G	2
8	1896378	A	2
8	1946155	T	2
8	2164450	C	2
8	2309543	T	2
8	2363127	A	2
8	2363176	G	2
8	2363310	T	3
8	2383526	C	2
8	2383561	T	2
8	2383971	C	2
8	2387304	T	2
8	2387354	A	2
8	2389937	A	2
8	2390041	C	2
8	2391073	A	2
8	2391092	A	2
8	2391144	A	2
8	2396278	A	2
8	2396279	C	2
8	2396280	G	2
8	2396283	G	2
8	2458942	T	3
8	2788570	G	2
8	2849684	T	2
8	2849711	G	2
8	2855884	C	2
8	2855887	C	2
8	2855890	A	2
8	3380210	T	2
8	3732032	T	2
8	4025506	A	3
8	4089240	C	3
8	4138307	A	2
8	4142529	A	2
8	4149728	C	4
8	4149752	T	3
8	4149858	A	3
8	4149877	A	2
8	4149918	C	2
8	4157267	T	2
8	4163228	G	2
8	4163411	G	2
8	4163423	T	2
8	4163516	C	2
8	4163549	G	2
8	4163672	T	2
8	4163711	C	3
8	4163783	A	2
8	4164845	G	3
8	4171807	T	2
8	4171876	G	2
8	4171907	C	2
8	4171912	G	2
8	4211746	T	3
8	4212628	T	2
8	4212631	C	2
8	4212706	T	2
8	4212733	G	2
8	4212810	T	2
8	4213150	G	3
8	4213216	A	3
8	4213330	T	2
8	4213375	C	2
8	4214827	G	2
8	4214869	C	2
8	4214878	A	3
8	4214929	T	2
8	4215217	G	2
8	4215238	C	2
8	4215256	T	2
8	4215637	C	2
8	4215643	C	2
8	4241521	G	2
8	4245865	C	2
8	4246093	A	2
8	4289933	C	2
8	4290233	G	2
8	4290276	A	2
8	4291096	A	2
8	4292067	A	2
8	4292134	A	4
8	4292233	G	2
8	4293259	G	3
8	4295530	T	3
8	4296803	A	2
8	4299046	G	2
8	4300825	T	2
8	4336002	T	2
8	4336023	T	2
8	4336026	T	2
8	4353661	A	2
8	4353715	A	2
8	4360382	A	2
8	4376579	A	2
8	4470115	A	2
8	4556370	G	2
8	4614779	A	2
11	21962	A	2
11	66067	T	5
11	70233	G	2
11	117540	A	5
11	175840	G	4
11	205662	C	7
11	207283	A	2
11	210232	T	4
11	257500	A	2
11	265337	G	2
11	291212	G	2
11	296379	A	3
11	310603	G	7
11	355200	T	4
11	373527	T	4
11	393945	A	2
11	487737	C	3
11	490995	G	2
11	501460	G	3
11	629967	A	3
11	692151	T	4
11	699977	G	2
11	731030	T	2
11	751198	G	3
11	751199	G	3
11	753442	G	2
11	762713	C	4
11	775260	T	3
11	832964	C	2
11	832970	C	2
11	847519	C	3
11	847527	C	3
11	847811	A	2
11	847891	A	3
11	847930	C	3
11	847976	T	4
11	847980	T	4
11	847984	A	4
11	848023	A	2
11	848038	G	2
11	848057	G	2
11	848065	T	2
11	849894	T	2
11	849897	A	2
11	851540	A	2
11	851544	T	3
11	852534	A	2
11	854117	T	2
11	854126	A	2
11	854172	A	3
11	854185	G	3
11	854206	C	3
11	855564	A	2
11	855572	G	2
11	855574	G	2
11	857597	T	2
11	857639	G	2
11	857665	C	2
11	857672	G	2
11	857687	G	2
11	857714	A	2
11	866383	A	2
11	867159	T	2
11	867170	G	2
11	867192	C	2
11	867195	A	2
11	868603	T	3
11	868978	A	2
11	869939	C	2
11	882062	C	3
11	892103	G	2
11	892109	C	2
11	892295	T	3
11	892298	C	3
11	892304	T	2
11	900824	T	2
11	900992	A	2
11	901019	A	2
11	914368	T	2
11	914369	T	2
11	914482	G	2
11	914485	G	2
11	914488	A	2
11	914599	G	2
11	914716	A	2
11	914720	C	2
11	914733	C	2
11	915468	C	3
11	915493	C	3
11	915494	A	3
11	915546	T	2
11	915588	C	2
11	915639	T	2
11	915722	A	2
11	923365	T	2
11	923382	G	2
11	923388	A	2
11	923445	T	4
11	923481	T	4
11	923646	A	4
11	923742	G	2
11	923745	A	2
11	924720	C	2
11	925457	G	3
11	925592	C	3
11	926193	C	2
11	926196	T	2
11	926625	T	2
11	926736	T	2
11	927043	C	2
11	928009	A	3
11	928057	A	2
11	928063	G	2
11	928099	T	3
11	928306	A	7
11	928345	A	7
11	928795	A	3
11	929742	G	3
11	929775	T	2
11	929820	A	4
11	929886	T	2
11	929931	A	4
11	929964	T	4
11	930003	T	3
11	933808	G	5
11	933883	C	3
11	933886	C	3
11	933889	T	3
11	933916	G	4
11	933994	A	3
11	934114	C	2
11	934129	C	2
11	936181	C	3
11	936204	C	3
11	936210	T	3
11	936213	T	3
11	936225	A	2
11	936363	C	3
11	937671	G	2
11	937986	G	2
11	939202	T	2
11	939217	T	2
11	939379	T	2
11	939391	T	2
11	939400	A	2
11	939421	T	2
11	939618	T	3
11	940152	G	2
11	940158	G	2
11	940172	C	2
11	940203	C	2
11	940212	G	2
11	940216	C	2
11	940248	C	2
11	940279	G	2
11	940368	G	3
11	940401	A	3
11	940419	A	2
11	940717	G	3
11	940723	C	3
11	940726	T	3
11	940858	G	2
11	940861	C	2
11	940867	C	2
11	940870	C	2
11	940879	T	2
11	940882	C	2
11	942727	C	2
11	942742	A	2
11	942955	C	2
11	942961	T	2
11	943033	T	2
11	943039	T	2
11	943045	A	2
11	943683	T	2
11	943728	C	2
11	943832	A	2
11	943840	T	3
11	943853	A	3
11	948035	A	2
11	948107	T	2
11	951028	G	2
11	951036	G	2
11	951039	A	2
11	951131	T	3
11	951149	G	3
11	951440	T	2
11	951664	T	2
11	951673	A	2
11	951907	A	2
11	954053	A	3
11	954059	G	2
11	954077	T	2
11	954080	T	2
11	954143	T	4
11	954164	G	4
11	954170	T	5
11	954212	T	4
11	954239	A	3
11	954362	T	2
11	954632	T	2
11	954635	C	2
11	954838	T	3
11	954877	T	2
11	954883	A	2
11	958607	C	2
11	958628	G	2
11	958892	T	3
11	958913	T	2
11	958958	T	2
11	959439	T	4
11	959451	T	5
11	959571	G	3
11	959613	C	3
11	959631	A	3
11	959634	G	3
11	959661	T	2
11	959679	G	2
11	959681	A	2
11	959703	A	2
11	960263	A	2
11	961505	C	2
11	961553	T	2
11	962107	T	2
11	962302	C	2
11	962305	A	2
11	963280	A	2
11	963325	T	4
11	963328	C	4
11	963346	T	3
11	963364	C	2
11	964416	T	2
11	964566	G	2
11	964659	T	2
11	964668	A	2
11	964679	A	2
11	965900	G	2
11	970164	A	2
11	970245	T	2
11	970380	A	2
11	970596	T	2
11	971076	G	2
11	971093	T	2
11	971094	T	2
11	971900	C	2
11	971903	A	2
11	972050	A	3
11	972053	C	3
11	972077	C	3
11	972080	T	3
11	972094	T	3
11	972095	T	3
11	972110	C	3
11	972124	A	2
11	972342	G	2
11	974727	G	2
11	975414	G	2
11	975417	C	2
11	975420	T	3
11	975435	G	4
11	975534	T	4
11	975553	T	6
11	977939	A	2
11	978934	G	4
11	978958	T	5
11	979015	T	6
11	979049	T	4
11	980119	G	4
11	980979	G	2
11	981339	T	2
11	981342	A	2
11	981497	A	2
11	981554	T	2
11	981572	A	2
11	981614	G	2
11	981617	T	2
11	981629	A	2
11	982445	A	2
11	983163	G	2
11	983979	A	3
11	985968	C	2
11	985989	G	2
11	985998	C	2
11	986709	C	3
11	986714	A	3
11	986715	T	3
11	986734	G	3
11	986745	T	3
11	986748	A	2
11	986861	C	2
11	987416	A	2
11	987461	G	2
11	987719	C	2
11	987731	A	3
11	987795	A	3
11	995209	A	3
11	1007300	G	2
11	1058668	A	2
11	1076776	A	5
11	1131302	A	2
11	1136706	C	3
11	1156832	G	3
11	1219539	A	3
11	1229663	T	6
11	1282374	T	3
11	1297088	G	5
11	1367184	C	6
11	1499434	C	3
11	1502618	T	3
11	1658265	A	2
11	1689130	T	4
11	1705171	A	3
11	1721067	T	3
11	1729560	A	3
11	1732056	T	3
11	1744256	A	4
11	1746580	G	4
11	1776772	T	2
11	1885026	A	3
11	1896378	A	3
11	1915494	A	2
11	1947515	C	2
11	1984224	G	2
11	2004905	G	3
11	2115229	T	5
11	2124686	T	4
11	2144497	C	4
11	2163082	T	2
11	2164450	C	6
11	2184725	G	2
11	2195296	C	2
11	2210906	C	3
11	2241859	G	2
11	2273393	T	4
11	2287620	A	2
11	2300784	G	4
11	2301639	C	3
11	2304870	T	2
11	2309543	T	3
11	2331303	T	4
11	2362328	T	3
11	2362518	A	2
11	2362633	T	3
11	2362894	A	2
11	2364201	T	6
11	2364776	C	2
11	2368294	A	2
11	2375523	C	2
11	2376050	G	3
11	2378364	C	2
11	2378430	T	3
11	2378538	G	4
11	2378604	T	3
11	2380981	T	3
11	2382308	C	3
11	2382381	G	2
11	2382389	G	2
11	2382509	G	2
11	2382653	T	2
11	2383526	C	3
11	2383561	T	3
11	2384113	T	3
11	2384374	C	2
11	2384403	C	2
11	2384440	A	2
11	2384491	A	2
11	2385410	T	2
11	2385416	A	2
11	2385425	A	2
11	2385605	A	3
11	2385614	A	3
11	2386343	G	3
11	2386391	T	4
11	2386436	A	4
11	2386478	A	3
11	2386547	C	5
11	2386749	C	2
11	2386875	G	2
11	2386986	G	2
11	2387118	G	2
11	2387242	G	2
11	2387248	C	2
11	2387252	C	2
11	2387354	A	3
11	2387421	G	3
11	2387442	C	2
11	2387514	T	2
11	2387544	C	2
11	2387959	A	4
11	2388734	G	3
11	2388749	T	2
11	2389020	G	2
11	2389937	A	2
11	2390125	G	2
11	2390154	A	3
11	2390279	G	2
11	2390294	G	2
11	2390321	C	2
11	2390480	C	2
11	2390483	T	2
11	2390519	T	3
11	2390573	G	2
11	2390747	A	2
11	2390750	A	2
11	2390751	T	2
11	2390850	T	3
11	2390873	T	2
11	2390885	A	2
11	2390900	A	2
11	2391028	G	2
11	2391073	A	2
11	2391092	A	2
11	2392085	C	3
11	2392262	G	2
11	2392271	C	2
11	2392283	G	2
11	2392444	G	2
11	2392487	G	3
11	2392622	G	4
11	2392644	A	4
11	2392716	C	3
11	2393238	A	2
11	2393243	G	2
11	2393990	A	3
11	2394146	G	3
11	2394239	T	2
11	2394332	T	2
11	2394353	T	5
11	2394569	G	4
11	2394591	T	6
11	2394638	G	5
11	2394660	T	4
11	2394730	C	4
11	2394743	C	4
11	2395024	T	2
11	2395057	A	3
11	2395103	C	2
11	2395245	A	2
11	2395255	T	2
11	2395303	T	2
11	2395318	G	2
11	2395664	G	2
11	2395720	A	2
11	2395738	C	3
11	2395977	C	3
11	2396005	A	3
11	2396080	A	4
11	2396154	A	3
11	2396278	A	2
11	2396279	C	3
11	2396280	G	3
11	2396283	G	3
11	2396644	T	3
11	2396708	C	4
11	2396801	C	2
11	2396873	A	2
11	2396891	T	2
11	2397008	C	2
11	2397152	A	2
11	2397158	G	2
11	2397177	C	2
11	2398055	T	2
11	2398460	T	2
11	2398463	A	2
11	2398480	C	2
11	2398496	T	2
11	2398571	G	2
11	2398583	G	2
11	2398598	T	3
11	2398613	T	2
11	2398754	C	2
11	2398760	T	2
11	2399800	G	2
11	2399801	C	2
11	2399882	G	3
11	2422726	C	2
11	2430552	G	5
11	2458942	T	3
11	2512891	A	3
11	2553056	T	3
11	2578443	G	2
11	2583353	A	3
11	2589583	A	2
11	2598795	A	2
11	2680796	A	4
11	2775326	G	4
11	2788570	G	2
11	2807399	G	3
11	2837702	A	4
11	2849829	G	3
11	2851550	A	2
11	2851587	T	2
11	2852653	C	2
11	2852777	A	3
11	2852801	T	3
11	2855589	C	4
11	2855884	C	4
11	2855887	C	3
11	2855890	A	3
11	2856016	G	2
11	2856795	C	3
11	2857077	A	5
11	2857110	T	6
11	2857273	C	2
11	2857283	T	3
11	2857287	T	2
11	2857372	A	4
11	2857418	C	3
11	2857421	T	3
11	2857472	G	4
11	2926388	G	3
11	2928835	T	2
11	3046775	T	5
11	3051943	A	3
11	3073949	C	2
11	3152705	G	6
11	3270665	T	2
11	3274059	A	5
11	3328098	C	2
11	3367410	A	2
11	3380210	T	3
11	3386092	A	3
11	3437631	T	4
11	3540177	A	4
11	3548293	T	4
11	3568311	A	5
11	3588015	T	2
11	3602688	T	2
11	3693602	A	2
11	3710234	A	3
11	3732032	T	2
11	3839307	A	3
11	3844376	T	3
11	3847678	T	2
11	3905477	T	4
11	3929949	A	3
11	3941237	G	4
11	4006308	T	5
11	4025506	A	5
11	4071331	A	3
11	4089240	C	6
11	4113728	G	2
11	4131784	T	3
11	4132272	G	3
11	4132314	T	3
11	4132485	A	5
11	4132701	A	2
11	4132707	G	2
11	4133188	A	2
11	4133282	A	4
11	4133306	C	2
11	4134388	A	2
11	4134826	G	2
11	4137476	A	2
11	4137503	A	3
11	4137808	T	2
11	4137817	T	2
11	4138307	A	2
11	4139229	T	2
11	4139525	C	2
11	4140028	A	2
11	4140341	C	2
11	4141647	C	3
11	4141704	T	5
11	4141726	G	4
11	4142271	A	3
11	4142529	A	2
11	4143567	T	2
11	4149617	G	3
11	4149728	C	4
11	4149752	T	4
11	4149858	A	2
11	4149877	A	2
11	4149882	T	2
11	4149918	C	2
11	4152242	G	5
11	4152692	A	2
11	4152794	A	3
11	4152899	A	2
11	4152968	T	3
11	4152974	C	3
11	4153031	C	2
11	4153040	T	2
11	4153259	T	2
11	4153862	C	2
11	4153964	T	2
11	4154015	G	2
11	4154033	T	2
11	4154047	G	2
11	4154614	A	3
11	4154629	G	3
11	4154635	T	3
11	4156212	T	3
11	4156320	G	3
11	4156407	A	2
11	4157609	G	5
11	4157612	G	5
11	4157692	A	3
11	4157780	T	2
11	4158151	C	3
11	4161255	A	2
11	4161273	A	2
11	4161522	G	2
11	4161765	T	2
11	4161798	A	2
11	4161814	T	2
11	4161834	T	2
11	4162114	A	3
11	4162445	A	2
11	4162448	G	3
11	4162486	A	2
11	4162499	T	2
11	4162544	C	2
11	4162918	C	3
11	4163029	C	3
11	4163036	A	3
11	4163132	G	4
11	4163177	T	2
11	4163228	G	2
11	4163357	C	3
11	4163381	G	3
11	4163411	G	3
11	4163423	T	3
11	4163783	A	3
11	4164261	C	2
11	4164393	C	2
11	4164423	T	2
11	4165226	G	4
11	4165406	A	7
11	4165481	T	3
11	4165484	G	4
11	4165490	A	2
11	4165532	T	6
11	4165675	T	2
11	4165720	A	3
11	4165745	A	3
11	4167144	A	2
11	4167180	A	3
11	4167210	G	2
11	4167423	A	2
11	4167426	C	2
11	4171081	A	2
11	4171084	A	2
11	4171907	C	2
11	4171912	G	2
11	4172137	A	3
11	4172337	A	4
11	4172342	T	4
11	4174454	A	2
11	4174580	G	2
11	4174583	T	2
11	4176210	A	3
11	4176219	A	4
11	4176285	A	3
11	4177287	T	3
11	4177443	A	2
11	4180699	G	5
11	4180863	T	2
11	4180979	A	2
11	4180980	A	2
11	4180983	T	2
11	4182166	A	2
11	4182171	A	2
11	4190256	G	2
11	4190262	T	2
11	4196498	G	2
11	4196504	A	2
11	4196519	T	2
11	4196728	T	2
11	4206230	G	2
11	4206545	A	2
11	4211362	A	2
11	4211383	C	2
11	4211422	C	3
11	4211476	G	3
11	4212018	C	2
11	4212255	T	4
11	4212282	A	3
11	4212284	A	3
11	4212445	A	3
11	4212472	C	2
11	4212586	T	4
11	4212628	T	4
11	4212631	C	4
11	4212706	T	4
11	4212733	G	2
11	4212742	A	2
11	4213150	G	4
11	4213216	A	4
11	4213330	T	2
11	4213375	C	2
11	4213402	G	2
11	4213433	T	3
11	4213492	C	3
11	4213648	T	2
11	4213651	C	2
11	4213681	T	2
11	4214204	T	2
11	4214293	A	3
11	4214296	A	3
11	4214377	G	2
11	4214383	A	2
11	4214392	C	2
11	4214479	A	2
11	4214533	C	2
11	4214617	A	2
11	4214704	T	4
11	4214728	G	4
11	4214758	C	5
11	4214827	G	3
11	4214869	C	3
11	4214878	A	4
11	4214929	T	3
11	4214938	G	3
11	4214956	C	4
11	4215004	C	4
11	4215007	T	4
11	4215032	C	3
11	4215145	G	3
11	4215149	G	3
11	4215150	G	3
11	4215217	G	2
11	4215238	C	2
11	4215256	T	2
11	4215259	T	2
11	4215691	A	2
11	4216075	C	2
11	4216552	G	2
11	4216564	G	2
11	4216570	C	2
11	4216660	A	2
11	4217296	T	2
11	4217305	G	2
11	4217524	C	2
11	4218228	G	2
11	4218243	A	2
11	4218246	T	2
11	4218279	G	2
11	4218296	T	2
11	4218315	A	3
11	4218336	T	4
11	4218402	C	2
11	4218408	A	2
11	4218435	T	2
11	4218642	G	3
11	4218654	C	3
11	4218660	A	3
11	4218729	T	4
11	4218732	A	3
11	4218735	C	3
11	4218745	C	3
11	4218746	A	3
11	4218747	C	3
11	4218771	G	3
11	4218786	A	3
11	4218792	C	3
11	4218918	A	2
11	4218945	A	2
11	4218975	A	2
11	4218999	A	2
11	4219030	C	2
11	4219087	A	2
11	4219094	G	2
11	4219099	G	2
11	4219100	A	2
11	4219120	G	2
11	4230204	G	2
11	4231677	G	2
11	4232484	T	2
11	4233220	G	2
11	4234369	C	4
11	4239012	A	2
11	4239131	G	2
11	4240508	A	2
11	4240522	A	2
11	4240550	T	3
11	4241405	T	2
11	4241521	G	3
11	4241749	C	2
11	4243786	C	2
11	4251574	G	2
11	4252004	A	3
11	4252076	A	2
11	4252220	C	3
11	4252256	T	4
11	4252796	T	2
11	4252909	A	5
11	4252918	A	4
11	4252998	C	3
11	4253061	G	4
11	4276762	A	2
11	4277094	G	4
11	4277143	T	2
11	4277290	A	2
11	4277889	C	3
11	4279118	C	2
11	4279178	T	5
11	4279229	A	5
11	4279501	T	2
11	4279592	G	2
11	4279649	A	2
11	4279886	A	2
11	4280399	G	2
11	4280496	C	2
11	4282935	C	2
11	4282943	G	2
11	4282977	C	3
11	4282978	G	3
11	4282988	T	3
11	4283009	A	3
11	4283018	G	2
11	4283048	T	2
11	4283054	T	2
11	4283077	C	2
11	4283155	G	2
11	4284200	G	4
11	4284242	A	3
11	4284599	A	4
11	4286797	A	6
11	4287185	T	4
11	4287561	A	3
11	4287562	G	3
11	4287569	A	4
11	4287760	T	2
11	4288359	G	2
11	4288458	C	2
11	4288506	T	3
11	4289682	T	3
11	4289933	C	2
11	4290206	C	2
11	4290233	G	2
11	4290276	A	2
11	4291262	G	2
11	4292134	A	4
11	4293259	G	10
11	4295061	A	3
11	4295286	A	4
11	4295530	T	6
11	4296486	C	2
11	4296694	A	2
11	4296803	A	3
11	4297380	G	2
11	4297492	T	4
11	4297546	G	3
11	4299046	G	2
11	4299131	G	2
11	4299214	G	2
11	4299795	C	4
11	4300509	T	3
11	4300825	T	4
11	4301346	C	2
11	4301667	T	2
11	4303195	T	4
11	4303672	G	6
11	4304019	C	5
11	4305165	G	5
11	4312455	T	5
11	4314317	G	2
11	4315336	A	2
11	4316821	G	8
11	4319223	C	6
11	4321809	A	4
11	4330646	A	2
11	4333391	A	2
11	4333436	T	2
11	4333469	C	2
11	4333768	G	2
11	4333934	A	2
11	4333960	G	2
11	4334814	A	2
11	4334913	G	4
11	4334955	T	2
11	4334991	C	3
11	4335795	T	2
11	4335855	C	2
11	4335858	C	2
11	4342042	A	2
11	4342045	C	2
11	4342055	G	2
11	4342268	A	2
11	4342283	G	3
11	4342307	G	3
11	4342422	A	4
11	4342518	A	2
11	4343313	C	2
11	4343377	G	2
11	4343741	A	5
11	4344677	A	3
11	4346697	A	3
11	4346772	A	3
11	4346985	C	3
11	4349166	A	2
11	4350367	A	2
11	4352454	A	2
11	4353631	G	3
11	4353661	A	2
11	4353913	G	2
11	4355531	T	2
11	4355570	A	2
11	4355835	G	5
11	4355837	T	4
11	4355936	T	3
11	4355968	A	4
11	4356087	G	2
11	4356132	T	2
11	4356292	C	2
11	4360196	T	2
11	4360205	A	2
11	4360382	A	2
11	4360649	A	2
11	4362011	A	2
11	4366891	A	3
11	4372640	A	2
11	4372701	A	2
11	4372719	A	2
11	4372749	G	2
11	4374819	T	2
11	4374879	G	2
11	4486841	A	5
11	4510595	A	5
11	4556370	G	2
11	4614779	A	3
11	4822113	C	5
11	4837509	T	6
11	4866211	A	4
11	4889735	T	9
