## htsjdk.samtools.metrics.StringHeader
# CollectInsertSizeMetrics HISTOGRAM_FILE=UMB11_07.insert_size_histogram.pdf MINIMUM_PCT=0.5 INPUT=UMB11_07.bam OUTPUT=UMB11_07.insert_size_metrics.txt    DEVIATIONS=10.0 METRIC_ACCUMULATION_LEVEL=[ALL_READS] INCLUDE_DUPLICATES=false ASSUME_SORTED=true STOP_AFTER=0 VERBOSITY=INFO QUIET=false VALIDATION_STRINGENCY=STRICT COMPRESSION_LEVEL=5 MAX_RECORDS_IN_RAM=500000 CREATE_INDEX=false CREATE_MD5_FILE=false GA4GH_CLIENT_SECRETS=client_secrets.json USE_JDK_DEFLATER=false USE_JDK_INFLATER=false
## htsjdk.samtools.metrics.StringHeader
# Started on: Wed Jun 03 01:49:03 UTC 2020

## METRICS CLASS	picard.analysis.InsertSizeMetrics
MEDIAN_INSERT_SIZE	MODE_INSERT_SIZE	MEDIAN_ABSOLUTE_DEVIATION	MIN_INSERT_SIZE	MAX_INSERT_SIZE	MEAN_INSERT_SIZE	STANDARD_DEVIATION	READ_PAIRS	PAIR_ORIENTATION	WIDTH_OF_10_PERCENT	WIDTH_OF_20_PERCENT	WIDTH_OF_30_PERCENT	WIDTH_OF_40_PERCENT	WIDTH_OF_50_PERCENT	WIDTH_OF_60_PERCENT	WIDTH_OF_70_PERCENT	WIDTH_OF_80_PERCENT	WIDTH_OF_90_PERCENT	WIDTH_OF_95_PERCENT	WIDTH_OF_99_PERCENT	SAMPLE	LIBRARY	READ_GROUP
347	233	80	30	4515157	380.593786	160.968288	83064	FR	31	59	89	119	161	211	261	331	539	785	1461			

## HISTOGRAM	java.lang.Integer
insert_size	All_Reads.fr_count
30	2
32	3
35	7
36	3
38	9
39	1
40	2
41	7
42	3
43	1
44	5
46	2
47	12
48	1
49	1
50	3
51	1
52	2
53	1
55	3
56	5
57	8
58	5
59	5
60	7
61	4
62	3
63	3
64	4
65	3
66	1
67	3
68	2
69	1
70	4
71	8
72	2
75	2
76	4
77	3
78	2
79	1
80	4
81	1
82	3
83	6
85	2
86	4
87	5
88	2
89	4
90	9
91	5
92	5
93	9
94	4
95	2
96	10
97	6
98	9
99	5
100	4
101	8
102	10
103	5
104	7
105	8
106	10
107	9
108	5
109	5
110	8
111	12
112	9
113	8
114	6
115	8
116	15
117	11
118	7
119	6
120	12
121	7
122	8
123	14
124	9
125	21
126	12
127	6
128	13
129	10
130	16
131	18
132	12
133	15
134	24
135	18
136	12
137	25
138	21
139	15
140	25
141	22
142	14
143	27
144	20
145	29
146	32
147	29
148	28
149	28
150	30
151	28
152	22
153	33
154	27
155	36
156	35
157	24
158	26
159	29
160	31
161	23
162	29
163	33
164	31
165	34
166	36
167	38
168	37
169	50
170	30
171	30
172	46
173	36
174	43
175	42
176	54
177	52
178	35
179	41
180	54
181	79
182	117
183	110
184	125
185	120
186	102
187	86
188	114
189	124
190	120
191	167
192	137
193	120
194	135
195	124
196	110
197	209
198	122
199	393
200	171
201	192
202	206
203	154
204	213
205	182
206	145
207	295
208	155
209	130
210	152
211	132
212	156
213	213
214	164
215	177
216	153
217	166
218	171
219	174
220	204
221	209
222	248
223	416
224	161
225	172
226	179
227	198
228	288
229	159
230	194
231	273
232	250
233	557
234	313
235	214
236	251
237	290
238	204
239	221
240	220
241	174
242	259
243	215
244	200
245	356
246	230
247	229
248	177
249	231
250	305
251	223
252	183
253	258
254	209
255	280
256	179
257	195
258	175
259	209
260	186
261	166
262	201
263	201
264	182
265	201
266	200
267	210
268	224
269	228
270	193
271	199
272	223
273	228
274	204
275	235
276	271
277	262
278	231
279	284
280	231
281	209
282	222
283	234
284	203
285	255
286	232
287	270
288	310
289	303
290	318
291	268
292	338
293	220
294	305
295	314
296	390
297	281
298	264
299	254
300	328
301	297
302	247
303	293
304	278
305	284
306	258
307	296
308	296
309	286
310	279
311	411
312	281
313	278
314	315
315	298
316	307
317	399
318	522
319	252
320	262
321	255
322	293
323	215
324	355
325	278
326	334
327	336
328	277
329	345
330	246
331	277
332	299
333	269
334	318
335	270
336	419
337	275
338	308
339	245
340	250
341	302
342	273
343	240
344	243
345	250
346	292
347	275
348	243
349	245
350	235
351	264
352	264
353	309
354	263
355	277
356	247
357	235
358	292
359	343
360	236
361	281
362	277
363	357
364	288
365	279
366	230
367	314
368	254
369	277
370	254
371	263
372	239
373	222
374	314
375	326
376	270
377	227
378	287
379	277
380	243
381	394
382	250
383	239
384	246
385	392
386	272
387	258
388	239
389	226
390	210
391	216
392	261
393	359
394	248
395	241
396	293
397	186
398	224
399	300
400	216
401	214
402	220
403	196
404	201
405	231
406	221
407	231
408	189
409	189
410	217
411	213
412	194
413	181
414	201
415	208
416	198
417	190
418	196
419	210
420	277
421	206
422	95
423	101
424	111
425	108
426	113
427	112
428	104
429	108
430	116
431	114
432	96
433	114
434	98
435	112
436	110
437	98
438	91
439	110
440	108
441	127
442	96
443	114
444	88
445	112
446	91
447	92
448	102
449	103
450	119
451	80
452	129
453	93
454	89
455	104
456	100
457	86
458	95
459	104
460	105
461	94
462	101
463	111
464	73
465	96
466	100
467	92
468	101
469	109
470	86
471	104
472	73
473	65
474	103
475	102
476	78
477	91
478	74
479	89
480	75
481	96
482	73
483	81
484	89
485	104
486	84
487	97
488	86
489	90
490	76
491	79
492	92
493	98
494	95
495	78
496	99
497	89
498	73
499	90
500	78
501	76
502	67
503	77
504	70
505	65
506	77
507	71
508	97
509	77
510	93
511	77
512	90
513	70
514	83
515	77
516	82
517	68
518	71
519	75
520	72
521	74
522	66
523	88
524	59
525	80
526	76
527	65
528	77
529	67
530	66
531	55
532	68
533	65
534	90
535	74
536	67
537	70
538	61
539	65
540	83
541	54
542	68
543	56
544	70
545	49
546	80
547	62
548	73
549	70
550	57
551	71
552	69
553	71
554	64
555	52
556	60
557	70
558	50
559	55
560	57
561	63
562	60
563	47
564	48
565	66
566	64
567	60
568	64
569	49
570	62
571	56
572	69
573	58
574	54
575	41
576	58
577	51
578	48
579	71
580	57
581	58
582	53
583	52
584	52
585	66
586	47
587	56
588	46
589	56
590	54
591	39
592	61
593	57
594	49
595	51
596	47
597	52
598	44
599	35
600	32
601	45
602	53
603	43
604	58
605	42
606	44
607	50
608	44
609	54
610	57
611	43
612	48
613	56
614	36
615	52
616	49
617	46
618	31
619	34
620	37
621	45
622	39
623	41
624	42
625	43
626	45
627	39
628	38
629	42
630	35
631	45
632	49
633	43
634	49
635	42
636	35
637	46
638	55
639	38
640	33
641	52
642	36
643	34
644	43
645	48
646	25
647	47
648	36
649	38
650	29
651	19
652	41
653	32
654	38
655	39
656	46
657	28
658	43
659	28
660	25
661	26
662	30
663	33
664	36
665	29
666	43
667	33
668	27
669	25
670	37
671	31
672	35
673	31
674	37
675	37
676	29
677	33
678	35
679	32
680	38
681	32
682	28
683	29
684	25
685	35
686	32
687	27
688	37
689	24
690	26
691	33
692	30
693	25
694	23
695	26
696	21
697	21
698	26
699	30
700	23
701	38
702	24
703	30
704	32
705	27
706	25
707	34
708	33
709	27
710	20
711	22
712	35
713	20
714	33
715	21
716	29
717	21
718	21
719	38
720	30
721	25
722	26
723	26
724	24
725	16
726	28
727	20
728	29
729	38
730	18
731	29
732	24
733	20
734	28
735	21
736	31
737	27
738	27
739	21
740	31
741	20
742	16
743	17
744	25
745	19
746	19
747	20
748	26
749	18
750	19
751	25
752	12
753	25
754	23
755	24
756	18
757	23
758	25
759	19
760	24
761	22
762	15
763	15
764	17
765	16
766	17
767	18
768	16
769	19
770	21
771	26
772	21
773	16
774	24
775	18
776	19
777	24
778	24
779	27
780	8
781	22
782	23
783	15
784	14
785	19
786	18
787	15
788	14
789	15
790	14
791	10
792	17
793	12
794	14
795	14
796	14
797	12
798	15
799	24
800	11
801	11
802	15
803	15
804	10
805	18
806	12
807	10
808	11
809	15
810	17
811	21
812	14
813	14
814	9
815	10
816	17
817	12
818	15
819	7
820	18
821	11
822	11
823	14
824	10
825	15
826	11
827	11
828	19
829	21
830	21
831	8
832	12
833	15
834	12
835	13
836	9
837	21
838	19
839	12
840	16
841	12
842	13
843	15
844	12
845	16
846	9
847	7
848	13
849	10
850	9
851	16
852	11
853	8
854	4
855	14
856	7
857	8
858	12
859	13
860	9
861	9
862	19
863	17
864	11
865	10
866	12
867	14
868	13
869	13
870	12
871	11
872	12
873	14
874	17
875	11
876	11
877	7
878	9
879	8
880	11
881	9
882	15
883	12
884	11
885	10
886	10
887	5
888	10
889	10
890	7
891	10
892	9
893	5
894	7
895	14
896	8
897	10
898	6
899	7
900	10
901	9
902	6
903	8
904	7
905	6
906	7
907	10
908	9
909	7
910	7
911	10
912	6
913	14
914	11
915	8
916	10
917	7
918	9
919	7
920	11
921	9
922	6
923	7
924	9
925	8
926	8
927	6
928	5
929	5
930	10
931	6
932	8
933	9
934	7
935	10
936	6
937	8
938	13
939	7
940	10
941	10
942	4
943	8
944	9
945	6
946	7
947	6
948	3
949	2
950	4
951	7
952	4
953	2
954	6
955	9
956	6
957	6
958	10
959	6
960	8
961	13
962	4
963	3
964	7
965	4
966	12
967	9
968	5
969	4
970	3
971	6
972	5
973	6
974	4
975	7
976	8
977	7
978	6
979	6
980	6
981	5
982	2
983	1
984	4
985	6
986	3
987	5
988	10
989	5
990	5
991	4
992	2
993	2
994	6
995	7
996	2
997	3
998	8
999	9
1000	5
1001	5
1002	6
1003	6
1004	2
1005	4
1006	5
1007	1
1008	4
1009	4
1010	5
1011	7
1012	1
1013	3
1014	5
1015	5
1016	7
1017	5
1018	4
1019	6
1020	4
1021	4
1022	6
1023	3
1024	1
1025	10
1026	5
1027	3
1028	4
1029	3
1030	1
1031	2
1032	4
1033	4
1034	4
1035	5
1036	3
1037	1
1038	3
1039	8
1040	3
1041	8
1042	2
1043	4
1044	7
1045	1
1046	7
1047	6
1048	2
1049	5
1050	5
1051	3
1052	2
1053	4
1054	4
1055	2
1056	5
1057	5
1058	5
1059	5
1060	3
1061	3
1062	4
1063	2
1064	4
1065	3
1066	2
1067	3
1068	2
1069	4
1070	6
1071	5
1072	2
1073	4
1074	1
1075	1
1076	5
1077	5
1078	2
1079	3
1080	4
1081	3
1082	1
1083	1
1084	2
1085	2
1086	4
1087	4
1088	2
1089	3
1091	2
1092	3
1093	3
1094	3
1096	3
1097	6
1099	3
1100	3
1101	1
1102	3
1103	4
1104	3
1105	2
1106	4
1107	2
1108	2
1109	2
1110	1
1111	4
1112	1
1113	4
1114	1
1115	2
1116	2
1117	1
1118	2
1119	2
1120	3
1121	2
1122	2
1123	1
1124	3
1125	2
1126	2
1127	2
1128	3
1129	2
1131	1
1132	5
1133	4
1134	1
1135	2
1136	2
1137	2
1138	2
1139	2
1140	1
1141	5
1143	1
1144	1
1145	2
1147	2

