sample	ref	name	length	coverage	uReads	abundance	median	callable	callablePct	confirmed	confirmedPct	snps	snpPct	multi	multiPct	lowmq	lowmqPct	high	highPct	gapCount	gapLength
LS_12_28_2011	Esch_coli_EC-1639	NZ_LR025101.1	5059899	0.304	8943	0.036	0	2480	0.049	2411	97.218	69	2.783	1	0.040	579884	11.460	288491	5.702	24	682571
LS_12_28_2011	Esch_coli_EC-1639	NZ_LR025102.1	94720	0.264	791	0.003	0	15	0.016	14	93.333	1	6.667	0	0.000	22183	23.420	19720	20.819	0	0
LS_12_28_2011	Esch_coli_EC-1639	NZ_LR025103.1	31016	0.000	0	0.000	0	0	0.000	0	0.000	0	0.000	0	0.000	0	0.000	0	0.000	1	31016
LS_12_28_2011	Esch_coli_EC-1639	NZ_LR025104.1	21855	0.000	0	0.000	0	0	0.000	0	0.000	0	0.000	0	0.000	0	0.000	0	0.000	1	21855
LS_12_28_2011	Esch_coli_EC-1639	NZ_LR025105.1	63589	0.005	0	0.000	0	0	0.000	0	0.000	0	0.000	0	0.000	0	0.000	0	0.000	0	0
LS_12_28_2011	Esch_coli_118UI	NZ_CP032515.1	5205677	0.302	8018	0.033	0	2589	0.050	2534	97.876	55	2.124	0	0.000	593249	11.396	293825	5.644	22	633308
LS_12_28_2011	Esch_coli_118UI	NZ_CP032517.1	4724	0.080	2	0.000	0	0	0.000	0	0.000	0	0.000	0	0.000	187	3.959	175	3.704	0	0
LS_12_28_2011	Esch_coli_118UI	NZ_CP032516.1	90328	0.157	287	0.001	0	2	0.002	2	100.000	0	0.000	0	0.000	30785	34.081	28651	31.719	0	0
LS_12_28_2011	Esch_coli_D5	NZ_CP010145.1	4817460	0.256	312	0.002	0	948	0.020	941	99.262	7	0.738	0	0.000	415866	8.632	148020	3.073	18	633665
LS_12_28_2011	Esch_coli_D5	NZ_CP010146.1	112874	0.197	75	0.000	0	482	0.427	479	99.378	3	0.622	0	0.000	6908	6.120	2578	2.284	1	29964
LS_12_28_2011	Esch_coli_D5	NZ_CP010147.1	88754	0.196	39	0.000	0	186	0.210	183	98.387	3	1.613	0	0.000	7187	8.098	3882	4.374	0	0
LS_12_28_2011	Esch_coli_2011C-3911	NZ_CP015240.1	4863599	0.242	2667	0.018	0	1896	0.039	1789	94.357	107	5.643	0	0.000	378151	7.775	128650	2.645	23	692448
LS_12_28_2011	Esch_coli_2011C-3911	NZ_CP015239.1	125977	0.145	110	0.000	0	22	0.017	21	95.455	1	4.545	0	0.000	8469	6.723	4467	3.546	0	0
LS_12_28_2011	Esch_coli_PA45B	NZ_CP021288.1	5074754	84.659	2825641	8.664	86	4499447	88.663	4499039	99.991	407	0.009	130	0.003	1002794	19.760	106953	2.108	3	62573
LS_12_28_2011	Esch_coli_PA45B	NZ_CP021289.1	147172	0.225	8681	0.027	0	401	0.272	398	99.252	3	0.748	0	0.000	50954	34.622	53982	36.680	0	0
LS_12_28_2011	Esch_coli_MSHS_133	NZ_CP041304.1	4946083	0.495	5472	0.015	0	3872	0.078	3831	98.941	41	1.059	0	0.000	1268739	25.651	841336	17.010	26	543396
LS_12_28_2011	Esch_coli_MSHS_133	NZ_CP041303.1	157660	0.169	279	0.001	0	131	0.083	128	97.710	3	2.290	0	0.000	10858	6.887	6106	3.873	1	43905
LS_12_28_2011	Esch_coli_NCTC122	NZ_LT906474.1	4625968	0.248	547	0.004	0	886	0.019	879	99.210	7	0.790	0	0.000	382078	8.259	133299	2.882	21	707831
LS_12_28_2011	Esch_coli_MVAST0167	NZ_CP014492.1	4806946	2.155	8636	0.026	2	12975	0.270	12928	99.638	47	0.362	0	0.000	2487007	51.738	1445135	30.063	39	468766
LS_12_28_2011	Esch_coli_MVAST0167	NZ_CP014493.1	128305	132.267	89439	0.313	153	80138	62.459	80071	99.916	64	0.080	14	0.017	41639	32.453	3225	2.514	1	10083
LS_12_28_2011	Esch_coli_MVAST0167	NZ_CP014494.1	78992	0.038	314	0.001	0	143	0.181	140	97.902	3	2.098	0	0.000	1508	1.909	1932	2.446	0	0
LS_12_28_2011	Esch_coli_Santai	NZ_CP007592.1	5104557	0.258	524	0.002	0	1599	0.031	1594	99.687	5	0.313	0	0.000	427334	8.372	146625	2.872	24	712738
LS_12_28_2011	Esch_coli_AR_0061	NZ_CP020058.1	4595238	0.254	277	0.002	0	1907	0.041	1880	98.584	27	1.416	0	0.000	378072	8.227	123343	2.684	23	662655
LS_12_28_2011	Esch_coli_AR_0061	NZ_CP020059.1	87982	0.049	93	0.000	0	0	0.000	0	0.000	0	0.000	0	0.000	4364	4.960	3587	4.077	0	0
LS_12_28_2011	Esch_coli_AR_0061	NZ_CP020060.1	50999	0.205	0	0.000	0	0	0.000	0	0.000	0	0.000	0	0.000	3172	6.220	1090	2.137	0	0
LS_12_28_2011	TOTAL	-	50385128	9.771	2961147	9.149	0	4610119	9.150	4609262	99.981	853	0.019	145	0.003	8101388	16.079	3785072	7.512	228	5936774
LS_4_3_2012	Esch_coli_EC-1639	NZ_LR025101.1	5059899	1.436	243363	0.745	1	198678	3.927	197100	99.206	1578	0.794	55	0.028	1853568	36.633	1407566	27.818	4	52774
LS_4_3_2012	Esch_coli_EC-1639	NZ_LR025102.1	94720	0.900	367	0.001	1	9380	9.903	9375	99.947	5	0.053	1	0.011	9784	10.329	428	0.452	0	0
LS_4_3_2012	Esch_coli_EC-1639	NZ_LR025103.1	31016	0.000	0	0.000	0	0	0.000	0	0.000	0	0.000	0	0.000	0	0.000	0	0.000	1	31016
LS_4_3_2012	Esch_coli_EC-1639	NZ_LR025104.1	21855	0.000	0	0.000	0	0	0.000	0	0.000	0	0.000	0	0.000	0	0.000	0	0.000	1	21855
LS_4_3_2012	Esch_coli_EC-1639	NZ_LR025105.1	63589	0.009	0	0.000	0	0	0.000	0	0.000	0	0.000	0	0.000	250	0.393	0	0.000	0	0
LS_4_3_2012	Esch_coli_118UI	NZ_CP032515.1	5205677	1.253	294761	0.917	1	73492	1.412	71630	97.466	1862	2.534	6	0.008	1934502	37.161	1497929	28.775	18	293430
LS_4_3_2012	Esch_coli_118UI	NZ_CP032517.1	4724	0.000	0	0.000	0	0	0.000	0	0.000	0	0.000	0	0.000	0	0.000	0	0.000	0	0
LS_4_3_2012	Esch_coli_118UI	NZ_CP032516.1	90328	0.210	1	0.000	0	0	0.000	0	0.000	0	0.000	0	0.000	4667	5.167	765	0.847	1	49946
LS_4_3_2012	Esch_coli_D5	NZ_CP010145.1	4817460	5.506	261502	1.559	9	137222	2.848	134545	98.049	2674	1.949	21	0.015	2708408	56.221	1558640	32.354	34	378337
LS_4_3_2012	Esch_coli_D5	NZ_CP010146.1	112874	0.481	137897	0.233	4	660	0.585	629	95.303	31	4.704	1	0.152	4020	3.561	53996	47.837	1	14766
LS_4_3_2012	Esch_coli_D5	NZ_CP010147.1	88754	0.092	308	0.001	0	25	0.028	24	96.000	1	4.000	0	0.000	4335	4.884	3179	3.582	0	0
LS_4_3_2012	Esch_coli_2011C-3911	NZ_CP015240.1	4863599	6.014	361529	1.841	10	180580	3.713	176582	97.786	3991	2.211	95	0.053	2689725	55.303	1605807	33.017	40	433639
LS_4_3_2012	Esch_coli_2011C-3911	NZ_CP015239.1	125977	0.069	917	0.001	0	272	0.216	261	95.956	11	4.044	0	0.000	5786	4.593	4712	3.740	0	0
LS_4_3_2012	Esch_coli_PA45B	NZ_CP021288.1	5074754	0.587	162578	0.377	0	43314	0.854	42295	97.647	1018	2.350	2	0.005	1239368	24.422	992737	19.562	22	418842
LS_4_3_2012	Esch_coli_PA45B	NZ_CP021289.1	147172	0.225	97	0.000	0	2417	1.642	2392	98.966	25	1.034	0	0.000	4870	3.309	718	0.488	0	0
LS_4_3_2012	Esch_coli_MSHS_133	NZ_CP041304.1	4946083	0.690	324697	0.693	0	51419	1.040	50023	97.285	1396	2.715	3	0.006	1468773	29.696	1419147	28.692	20	304081
LS_4_3_2012	Esch_coli_MSHS_133	NZ_CP041303.1	157660	0.094	29	0.000	0	449	0.285	441	98.218	8	1.782	0	0.000	5246	3.327	2915	1.849	0	0
LS_4_3_2012	Esch_coli_NCTC122	NZ_LT906474.1	4625968	7.628	446668	2.188	13	220166	4.759	216022	98.118	4138	1.880	41	0.019	2595797	56.114	1505322	32.541	32	360624
LS_4_3_2012	Esch_coli_MVAST0167	NZ_CP014492.1	4806946	0.590	102160	0.234	0	44498	0.926	43484	97.721	1014	2.279	1	0.002	1167927	24.297	911400	18.960	18	281292
LS_4_3_2012	Esch_coli_MVAST0167	NZ_CP014493.1	128305	0.284	213	0.001	0	2011	1.567	2004	99.652	7	0.348	0	0.000	5208	4.059	476	0.371	1	24737
LS_4_3_2012	Esch_coli_MVAST0167	NZ_CP014494.1	78992	0.163	108	0.000	0	2507	3.174	2474	98.684	33	1.316	0	0.000	77	0.097	0	0.000	0	0
LS_4_3_2012	Esch_coli_Santai	NZ_CP007592.1	5104557	39.240	3611738	8.038	80	1229361	24.084	1210773	98.488	18558	1.510	435	0.035	1742279	34.132	1904212	37.304	49	461883
LS_4_3_2012	Esch_coli_AR_0061	NZ_CP020058.1	4595238	7.091	398206	1.995	12	191249	4.162	187465	98.021	3783	1.978	39	0.020	2581827	56.185	1525727	33.202	34	337717
LS_4_3_2012	Esch_coli_AR_0061	NZ_CP020059.1	87982	0.153	10	0.000	0	281	0.319	281	100.000	0	0.000	0	0.000	3634	4.130	1091	1.240	0	0
LS_4_3_2012	Esch_coli_AR_0061	NZ_CP020060.1	50999	0.176	253	0.001	0	0	0.000	0	0.000	0	0.000	0	0.000	2680	5.255	864	1.694	0	0
LS_4_3_2012	TOTAL	-	50385128	6.279	6347402	18.826	2	2387981	4.739	2347800	98.317	40133	1.681	700	0.029	20032731	39.759	14397631	28.575	276	3464939
LS_8_7_2012	Esch_coli_EC-1639	NZ_LR025101.1	5059899	2.748	68981	0.160	4	124068	2.452	123233	99.327	835	0.673	23	0.019	2636452	52.105	1782461	35.227	16	147725
LS_8_7_2012	Esch_coli_EC-1639	NZ_LR025102.1	94720	0.464	392	0.001	0	3417	3.607	3410	99.795	7	0.205	2	0.059	6039	6.376	3912	4.130	0	0
LS_8_7_2012	Esch_coli_EC-1639	NZ_LR025103.1	31016	0.000	0	0.000	0	0	0.000	0	0.000	0	0.000	0	0.000	0	0.000	0	0.000	1	31016
LS_8_7_2012	Esch_coli_EC-1639	NZ_LR025104.1	21855	0.000	0	0.000	0	0	0.000	0	0.000	0	0.000	0	0.000	0	0.000	0	0.000	1	21855
LS_8_7_2012	Esch_coli_EC-1639	NZ_LR025105.1	63589	0.024	12	0.000	0	0	0.000	0	0.000	0	0.000	0	0.000	0	0.000	0	0.000	0	0
LS_8_7_2012	Esch_coli_118UI	NZ_CP032515.1	5205677	53.246	1547332	3.650	61	2964923	56.956	2963346	99.947	1577	0.053	90	0.003	1817215	34.908	220395	4.234	30	399664
LS_8_7_2012	Esch_coli_118UI	NZ_CP032517.1	4724	0.000	0	0.000	0	0	0.000	0	0.000	0	0.000	0	0.000	0	0.000	0	0.000	0	0
LS_8_7_2012	Esch_coli_118UI	NZ_CP032516.1	90328	0.162	23	0.000	0	756	0.837	739	97.751	17	2.249	0	0.000	1390	1.539	119	0.132	0	0
LS_8_7_2012	Esch_coli_D5	NZ_CP010145.1	4817460	0.447	9370	0.042	0	14299	0.297	14034	98.147	265	1.853	1	0.007	661136	13.724	256663	5.328	28	584913
LS_8_7_2012	Esch_coli_D5	NZ_CP010146.1	112874	0.105	48	0.000	0	591	0.524	588	99.492	3	0.508	0	0.000	3248	2.878	1569	1.390	0	0
LS_8_7_2012	Esch_coli_D5	NZ_CP010147.1	88754	0.247	58	0.000	0	1643	1.851	1628	99.087	15	0.913	0	0.000	4611	5.195	1160	1.307	1	25102
LS_8_7_2012	Esch_coli_2011C-3911	NZ_CP015240.1	4863599	0.439	14517	0.056	0	17070	0.351	16748	98.114	322	1.887	3	0.018	659663	13.563	280678	5.771	33	633252
LS_8_7_2012	Esch_coli_2011C-3911	NZ_CP015239.1	125977	0.297	177	0.000	0	4154	3.297	4068	97.930	86	2.072	4	0.096	4689	3.722	351	0.279	1	32580
LS_8_7_2012	Esch_coli_PA45B	NZ_CP021288.1	5074754	0.488	15219	0.027	0	70438	1.388	69811	99.110	627	0.890	7	0.010	662422	13.053	255968	5.044	33	623809
LS_8_7_2012	Esch_coli_PA45B	NZ_CP021289.1	147172	0.703	767	0.001	0	14891	10.118	14751	99.060	140	0.940	2	0.013	8199	5.571	3891	2.644	3	65179
LS_8_7_2012	Esch_coli_MSHS_133	NZ_CP041304.1	4946083	2.314	76630	0.124	2	1440674	29.128	1439485	99.917	1189	0.083	224	0.016	1165981	23.574	462646	9.354	25	379801
LS_8_7_2012	Esch_coli_MSHS_133	NZ_CP041303.1	157660	0.320	194	0.000	0	4892	3.103	4811	98.344	81	1.656	0	0.000	8069	5.118	1563	0.991	2	65495
LS_8_7_2012	Esch_coli_NCTC122	NZ_LT906474.1	4625968	0.469	9676	0.036	0	16881	0.365	16596	98.312	285	1.689	3	0.018	632789	13.679	241540	5.221	19	398566
LS_8_7_2012	Esch_coli_MVAST0167	NZ_CP014492.1	4806946	0.444	12919	0.022	0	41683	0.867	41221	98.892	462	1.108	1	0.002	598862	12.458	231682	4.820	25	559432
LS_8_7_2012	Esch_coli_MVAST0167	NZ_CP014493.1	128305	1.011	912	0.002	0	18441	14.373	18257	99.002	184	0.998	2	0.011	8815	6.870	4107	3.201	3	43503
LS_8_7_2012	Esch_coli_MVAST0167	NZ_CP014494.1	78992	0.376	260	0.000	0	6709	8.493	6585	98.152	124	1.852	13	0.194	638	0.808	166	0.210	1	28827
LS_8_7_2012	Esch_coli_Santai	NZ_CP007592.1	5104557	0.453	19856	0.033	0	25022	0.490	24554	98.130	468	1.870	0	0.000	693304	13.582	317763	6.225	30	681432
LS_8_7_2012	Esch_coli_AR_0061	NZ_CP020058.1	4595238	0.463	8205	0.031	0	20012	0.435	19689	98.386	323	1.614	0	0.000	628344	13.674	238516	5.191	29	525029
LS_8_7_2012	Esch_coli_AR_0061	NZ_CP020059.1	87982	0.043	48	0.000	0	23	0.026	23	100.000	0	0.000	0	0.000	4043	4.595	3526	4.008	0	0
LS_8_7_2012	Esch_coli_AR_0061	NZ_CP020060.1	50999	0.090	0	0.000	0	0	0.000	0	0.000	0	0.000	0	0.000	873	1.712	0	0.000	0	0
LS_8_7_2012	TOTAL	-	50385128	6.510	1785596	4.187	0	4790587	9.508	4783577	99.854	7010	0.146	375	0.008	10206782	20.258	4308676	8.551	281	5247180
LS_11_6_2012	Esch_coli_EC-1639	NZ_LR025101.1	5059899	3.616	136764	0.440	8	46405	0.917	45672	98.420	733	1.580	8	0.017	2770492	54.754	1987891	39.287	33	411837
LS_11_6_2012	Esch_coli_EC-1639	NZ_LR025102.1	94720	0.109	231	0.001	0	544	0.574	543	99.816	1	0.184	0	0.000	3829	4.042	3580	3.780	0	0
LS_11_6_2012	Esch_coli_EC-1639	NZ_LR025103.1	31016	0.000	0	0.000	0	0	0.000	0	0.000	0	0.000	0	0.000	0	0.000	0	0.000	1	31016
LS_11_6_2012	Esch_coli_EC-1639	NZ_LR025104.1	21855	0.000	0	0.000	0	0	0.000	0	0.000	0	0.000	0	0.000	0	0.000	0	0.000	1	21855
LS_11_6_2012	Esch_coli_EC-1639	NZ_LR025105.1	63589	0.000	0	0.000	0	0	0.000	0	0.000	0	0.000	0	0.000	0	0.000	0	0.000	1	63589
LS_11_6_2012	Esch_coli_118UI	NZ_CP032515.1	5205677	113.667	3351176	10.941	134	2942794	56.530	2940962	99.938	1832	0.062	78	0.003	1825156	35.061	301981	5.801	26	463211
LS_11_6_2012	Esch_coli_118UI	NZ_CP032517.1	4724	0.000	0	0.000	0	0	0.000	0	0.000	0	0.000	0	0.000	0	0.000	0	0.000	0	0
LS_11_6_2012	Esch_coli_118UI	NZ_CP032516.1	90328	0.056	2	0.000	0	5	0.006	5	100.000	0	0.000	0	0.000	845	0.935	0	0.000	0	0
LS_11_6_2012	Esch_coli_D5	NZ_CP010145.1	4817460	0.452	20204	0.126	0	5039	0.105	4899	97.222	140	2.778	0	0.000	844082	17.521	462623	9.603	20	454803
LS_11_6_2012	Esch_coli_D5	NZ_CP010146.1	112874	0.070	44	0.000	0	611	0.541	609	99.673	2	0.327	0	0.000	2358	2.089	1485	1.316	0	0
LS_11_6_2012	Esch_coli_D5	NZ_CP010147.1	88754	0.054	13	0.000	0	0	0.000	0	0.000	0	0.000	0	0.000	2427	2.735	1473	1.660	0	0
LS_11_6_2012	Esch_coli_2011C-3911	NZ_CP015240.1	4863599	0.454	30977	0.166	0	8816	0.181	8602	97.573	214	2.427	0	0.000	850599	17.489	485154	9.975	24	511894
LS_11_6_2012	Esch_coli_2011C-3911	NZ_CP015239.1	125977	0.022	13	0.000	0	25	0.020	24	96.000	1	4.000	0	0.000	53	0.042	0	0.000	0	0
LS_11_6_2012	Esch_coli_PA45B	NZ_CP021288.1	5074754	0.350	28560	0.069	0	11989	0.236	11687	97.481	302	2.519	0	0.000	693575	13.667	418774	8.252	23	687694
LS_11_6_2012	Esch_coli_PA45B	NZ_CP021289.1	147172	0.080	46	0.000	0	710	0.482	705	99.296	5	0.704	0	0.000	1169	0.794	0	0.000	0	0
LS_11_6_2012	Esch_coli_MSHS_133	NZ_CP041304.1	4946083	0.582	68240	0.153	0	22842	0.462	22452	98.293	390	1.707	1	0.004	1286705	26.015	949561	19.198	18	391336
LS_11_6_2012	Esch_coli_MSHS_133	NZ_CP041303.1	157660	0.038	13	0.000	0	7	0.004	7	100.000	0	0.000	0	0.000	2207	1.400	1469	0.932	0	0
LS_11_6_2012	Esch_coli_NCTC122	NZ_LT906474.1	4625968	0.480	20530	0.106	0	9410	0.203	9255	98.353	155	1.647	0	0.000	812439	17.563	437134	9.450	13	244245
LS_11_6_2012	Esch_coli_MVAST0167	NZ_CP014492.1	4806946	0.364	26200	0.063	0	11395	0.237	11131	97.683	264	2.317	0	0.000	670570	13.950	391804	8.151	16	430142
LS_11_6_2012	Esch_coli_MVAST0167	NZ_CP014493.1	128305	0.113	59	0.000	0	527	0.411	527	100.000	0	0.000	0	0.000	1224	0.954	0	0.000	0	0
LS_11_6_2012	Esch_coli_MVAST0167	NZ_CP014494.1	78992	0.041	26	0.000	0	88	0.111	87	98.864	1	1.136	0	0.000	0	0.000	0	0.000	0	0
LS_11_6_2012	Esch_coli_Santai	NZ_CP007592.1	5104557	0.456	41344	0.097	0	12803	0.251	12531	97.875	272	2.125	2	0.016	901778	17.666	538316	10.546	20	519022
LS_11_6_2012	Esch_coli_AR_0061	NZ_CP020058.1	4595238	0.466	17269	0.091	0	7406	0.161	7238	97.732	168	2.268	0	0.000	818283	17.807	445634	9.698	16	286266
LS_11_6_2012	Esch_coli_AR_0061	NZ_CP020059.1	87982	0.022	57	0.000	0	0	0.000	0	0.000	0	0.000	0	0.000	3615	4.109	3261	3.706	0	0
LS_11_6_2012	Esch_coli_AR_0061	NZ_CP020060.1	50999	0.040	2	0.000	0	0	0.000	0	0.000	0	0.000	0	0.000	63	0.124	0	0.000	0	0
LS_11_6_2012	TOTAL	-	50385128	13.289	3741770	12.252	0	3081416	6.116	3076936	99.855	4480	0.145	89	0.003	11491469	22.807	6430140	12.762	212	4516910
LS_1_26_2013	Esch_coli_EC-1639	NZ_LR025101.1	5059899	0.087	1164	0.004	0	6236	0.123	6212	99.615	24	0.385	2	0.032	37550	0.742	2413	0.048	1	72473
LS_1_26_2013	Esch_coli_EC-1639	NZ_LR025102.1	94720	0.134	147	0.000	0	962	1.016	961	99.896	1	0.104	0	0.000	3047	3.217	3066	3.237	0	0
LS_1_26_2013	Esch_coli_EC-1639	NZ_LR025103.1	31016	0.000	0	0.000	0	0	0.000	0	0.000	0	0.000	0	0.000	0	0.000	0	0.000	1	31016
LS_1_26_2013	Esch_coli_EC-1639	NZ_LR025104.1	21855	0.000	0	0.000	0	0	0.000	0	0.000	0	0.000	0	0.000	0	0.000	0	0.000	1	21855
LS_1_26_2013	Esch_coli_EC-1639	NZ_LR025105.1	63589	0.000	0	0.000	0	0	0.000	0	0.000	0	0.000	0	0.000	0	0.000	0	0.000	1	63589
LS_1_26_2013	Esch_coli_118UI	NZ_CP032515.1	5205677	0.103	1924	0.006	0	12424	0.239	12365	99.525	59	0.475	1	0.008	34505	0.663	2547	0.049	2	113493
LS_1_26_2013	Esch_coli_118UI	NZ_CP032517.1	4724	0.105	5	0.000	0	40	0.847	40	100.000	0	0.000	0	0.000	0	0.000	0	0.000	0	0
LS_1_26_2013	Esch_coli_118UI	NZ_CP032516.1	90328	0.016	5	0.000	0	0	0.000	0	0.000	0	0.000	0	0.000	65	0.072	0	0.000	0	0
LS_1_26_2013	Esch_coli_D5	NZ_CP010145.1	4817460	0.113	1205	0.007	0	7671	0.159	7660	99.857	11	0.143	0	0.000	42295	0.878	1405	0.029	1	51539
LS_1_26_2013	Esch_coli_D5	NZ_CP010146.1	112874	0.086	34	0.000	0	730	0.647	729	99.863	1	0.137	0	0.000	2687	2.381	1544	1.368	0	0
LS_1_26_2013	Esch_coli_D5	NZ_CP010147.1	88754	0.003	1	0.000	0	0	0.000	0	0.000	0	0.000	0	0.000	0	0.000	0	0.000	0	0
LS_1_26_2013	Esch_coli_2011C-3911	NZ_CP015240.1	4863599	0.090	497	0.003	0	3813	0.078	3800	99.659	13	0.341	0	0.000	37697	0.775	1195	0.025	7	484105
LS_1_26_2013	Esch_coli_2011C-3911	NZ_CP015239.1	125977	0.016	6	0.000	0	36	0.029	34	94.444	2	5.556	0	0.000	0	0.000	0	0.000	0	0
LS_1_26_2013	Esch_coli_PA45B	NZ_CP021288.1	5074754	0.030	433	0.001	0	4099	0.081	3787	92.388	311	7.591	2	0.049	17600	0.347	2129	0.042	4	908997
LS_1_26_2013	Esch_coli_PA45B	NZ_CP021289.1	147172	0.068	44	0.000	0	541	0.368	534	98.706	7	1.294	0	0.000	477	0.324	0	0.000	0	0
LS_1_26_2013	Esch_coli_MSHS_133	NZ_CP041304.1	4946083	0.051	875	0.002	0	4109	0.083	3953	96.203	156	3.797	0	0.000	19447	0.393	1417	0.029	2	217749
LS_1_26_2013	Esch_coli_MSHS_133	NZ_CP041303.1	157660	0.035	45	0.000	0	814	0.516	768	94.349	46	5.651	0	0.000	0	0.000	7	0.004	0	0
LS_1_26_2013	Esch_coli_NCTC122	NZ_LT906474.1	4625968	0.145	1847	0.009	0	18814	0.407	18731	99.559	83	0.441	0	0.000	49367	1.067	1484	0.032	4	180536
LS_1_26_2013	Esch_coli_MVAST0167	NZ_CP014492.1	4806946	0.034	485	0.001	0	2391	0.050	2208	92.346	183	7.657	1	0.042	18171	0.378	1586	0.033	0	0
LS_1_26_2013	Esch_coli_MVAST0167	NZ_CP014493.1	128305	0.079	54	0.000	0	419	0.327	413	98.568	6	1.432	0	0.000	203	0.158	0	0.000	0	0
LS_1_26_2013	Esch_coli_MVAST0167	NZ_CP014494.1	78992	0.048	30	0.000	0	240	0.304	240	100.000	0	0.000	0	0.000	0	0.000	0	0.000	0	0
LS_1_26_2013	Esch_coli_Santai	NZ_CP007592.1	5104557	0.056	825	0.002	0	4474	0.088	4379	97.877	95	2.123	0	0.000	30327	0.594	4939	0.097	3	344856
LS_1_26_2013	Esch_coli_AR_0061	NZ_CP020058.1	4595238	0.126	1224	0.006	0	11818	0.257	11722	99.188	96	0.812	0	0.000	48938	1.065	1645	0.036	2	104737
LS_1_26_2013	Esch_coli_AR_0061	NZ_CP020059.1	87982	0.029	30	0.000	0	11	0.013	11	100.000	0	0.000	0	0.000	3577	4.066	3152	3.583	0	0
LS_1_26_2013	Esch_coli_AR_0061	NZ_CP020060.1	50999	0.115	66	0.000	0	909	1.782	841	92.519	68	7.481	0	0.000	203	0.398	183	0.359	0	0
LS_1_26_2013	TOTAL	-	50385128	0.082	10946	0.042	0	80551	0.160	79388	98.556	1162	1.443	6	0.007	346156	0.687	28712	0.057	29	2594945
LS_2_8_2013	Esch_coli_EC-1639	NZ_LR025101.1	5059899	0.826	16765	0.105	1	351548	6.948	348838	99.229	2710	0.771	197	0.056	522066	10.318	8747	0.173	1	31599
LS_2_8_2013	Esch_coli_EC-1639	NZ_LR025102.1	94720	0.985	469	0.003	1	10905	11.513	10903	99.982	2	0.018	0	0.000	10399	10.979	1991	2.102	0	0
LS_2_8_2013	Esch_coli_EC-1639	NZ_LR025103.1	31016	0.000	0	0.000	0	0	0.000	0	0.000	0	0.000	0	0.000	0	0.000	0	0.000	1	31016
LS_2_8_2013	Esch_coli_EC-1639	NZ_LR025104.1	21855	0.000	0	0.000	0	0	0.000	0	0.000	0	0.000	0	0.000	0	0.000	0	0.000	1	21855
LS_2_8_2013	Esch_coli_EC-1639	NZ_LR025105.1	63589	0.005	0	0.000	0	0	0.000	0	0.000	0	0.000	0	0.000	0	0.000	0	0.000	0	0
LS_2_8_2013	Esch_coli_118UI	NZ_CP032515.1	5205677	0.617	10033	0.064	0	145756	2.800	143468	98.430	2288	1.570	58	0.040	518134	9.953	17723	0.340	16	310258
LS_2_8_2013	Esch_coli_118UI	NZ_CP032517.1	4724	0.112	4	0.000	0	3	0.064	3	100.000	0	0.000	0	0.000	0	0.000	0	0.000	0	0
LS_2_8_2013	Esch_coli_118UI	NZ_CP032516.1	90328	0.260	7	0.000	0	74	0.082	67	90.541	7	9.459	0	0.000	5686	6.295	386	0.427	2	54812
LS_2_8_2013	Esch_coli_D5	NZ_CP010145.1	4817460	0.251	2140	0.026	0	17569	0.365	16573	94.331	996	5.675	19	0.108	224175	4.653	12739	0.264	14	417641
LS_2_8_2013	Esch_coli_D5	NZ_CP010146.1	112874	0.082	33	0.000	0	435	0.385	434	99.770	1	0.230	0	0.000	1742	1.543	761	0.674	0	0
LS_2_8_2013	Esch_coli_D5	NZ_CP010147.1	88754	0.047	6	0.000	0	0	0.000	0	0.000	0	0.000	0	0.000	471	0.531	0	0.000	0	0
LS_2_8_2013	Esch_coli_2011C-3911	NZ_CP015240.1	4863599	0.221	1991	0.021	0	15647	0.322	14396	92.005	1251	8.001	11	0.070	212995	4.379	13090	0.269	19	632303
LS_2_8_2013	Esch_coli_2011C-3911	NZ_CP015239.1	125977	0.119	44	0.000	0	1345	1.068	1321	98.216	24	1.784	0	0.000	2400	1.905	0	0.000	0	0
LS_2_8_2013	Esch_coli_PA45B	NZ_CP021288.1	5074754	0.198	3006	0.014	0	28028	0.552	25586	91.287	2442	8.713	0	0.000	198271	3.907	14621	0.288	19	836253
LS_2_8_2013	Esch_coli_PA45B	NZ_CP021289.1	147172	0.393	246	0.001	0	6619	4.497	6575	99.335	44	0.665	0	0.000	6719	4.565	344	0.234	2	34895
LS_2_8_2013	Esch_coli_MSHS_133	NZ_CP041304.1	4946083	0.272	5275	0.023	0	46291	0.936	43396	93.746	2895	6.255	9	0.019	211163	4.269	14311	0.289	11	358040
LS_2_8_2013	Esch_coli_MSHS_133	NZ_CP041303.1	157660	0.135	88	0.000	0	2234	1.417	2207	98.791	27	1.209	0	0.000	1714	1.087	0	0.000	1	75662
LS_2_8_2013	Esch_coli_NCTC122	NZ_LT906474.1	4625968	0.251	3359	0.034	0	22738	0.492	21354	93.913	1384	6.089	7	0.031	209795	4.535	17905	0.387	8	260745
LS_2_8_2013	Esch_coli_MVAST0167	NZ_CP014492.1	4806946	0.216	3627	0.017	0	36407	0.757	33131	91.002	3275	8.996	2	0.005	196520	4.088	14957	0.311	12	551131
LS_2_8_2013	Esch_coli_MVAST0167	NZ_CP014493.1	128305	0.562	301	0.002	0	8499	6.624	8449	99.412	50	0.589	3	0.035	8878	6.919	344	0.268	1	29577
LS_2_8_2013	Esch_coli_MVAST0167	NZ_CP014494.1	78992	0.192	121	0.000	0	2760	3.494	2728	98.841	32	1.159	0	0.000	399	0.505	0	0.000	1	51681
LS_2_8_2013	Esch_coli_Santai	NZ_CP007592.1	5104557	0.202	3975	0.018	0	32743	0.641	29774	90.932	2969	9.068	0	0.000	195569	3.831	16731	0.328	22	827125
LS_2_8_2013	Esch_coli_AR_0061	NZ_CP020058.1	4595238	0.259	2542	0.026	0	21936	0.477	20630	94.046	1306	5.954	0	0.000	212671	4.628	10411	0.227	13	383988
LS_2_8_2013	Esch_coli_AR_0061	NZ_CP020059.1	87982	0.112	46	0.000	0	863	0.981	855	99.073	8	0.927	0	0.000	3275	3.722	2365	2.688	0	0
LS_2_8_2013	Esch_coli_AR_0061	NZ_CP020060.1	50999	0.271	343	0.002	0	1339	2.626	1216	90.814	123	9.186	0	0.000	951	1.865	2146	4.208	0	0
LS_2_8_2013	TOTAL	-	50385128	0.333	54421	0.357	0	753739	1.496	731904	97.103	21834	2.898	306	0.041	2743993	5.446	149572	0.297	144	4908581
LS_2_25_2013	Esch_coli_EC-1639	NZ_LR025101.1	5059899	1.398	34733	0.237	1	1126703	22.267	1126656	99.996	47	0.004	13	0.001	732483	14.476	157	0.003	1	29062
LS_2_25_2013	Esch_coli_EC-1639	NZ_LR025102.1	94720	1.855	934	0.006	2	27189	28.705	27184	99.982	5	0.018	15	0.055	19786	20.889	2180	2.302	0	0
LS_2_25_2013	Esch_coli_EC-1639	NZ_LR025103.1	31016	0.000	0	0.000	0	0	0.000	0	0.000	0	0.000	0	0.000	0	0.000	0	0.000	1	31016
LS_2_25_2013	Esch_coli_EC-1639	NZ_LR025104.1	21855	0.000	0	0.000	0	0	0.000	0	0.000	0	0.000	0	0.000	0	0.000	0	0.000	1	21855
LS_2_25_2013	Esch_coli_EC-1639	NZ_LR025105.1	63589	0.014	0	0.000	0	0	0.000	0	0.000	0	0.000	0	0.000	0	0.000	0	0.000	0	0
LS_2_25_2013	Esch_coli_118UI	NZ_CP032515.1	5205677	0.641	5534	0.038	0	75748	1.455	75636	99.852	112	0.148	0	0.000	698130	13.411	1786	0.034	16	367230
LS_2_25_2013	Esch_coli_118UI	NZ_CP032517.1	4724	0.097	4	0.000	0	0	0.000	0	0.000	0	0.000	0	0.000	0	0.000	0	0.000	0	0
LS_2_25_2013	Esch_coli_118UI	NZ_CP032516.1	90328	0.406	3	0.000	0	0	0.000	0	0.000	0	0.000	0	0.000	10422	11.538	3	0.003	1	26006
LS_2_25_2013	Esch_coli_D5	NZ_CP010145.1	4817460	0.084	856	0.011	0	4407	0.091	4327	98.185	80	1.815	0	0.000	40186	0.834	199	0.004	2	128126
LS_2_25_2013	Esch_coli_D5	NZ_CP010146.1	112874	0.185	22	0.000	0	343	0.304	341	99.417	2	0.583	0	0.000	5925	5.249	1205	1.068	1	60739
LS_2_25_2013	Esch_coli_D5	NZ_CP010147.1	88754	0.112	6	0.000	0	168	0.189	167	99.405	1	0.595	0	0.000	2315	2.608	0	0.000	0	0
LS_2_25_2013	Esch_coli_2011C-3911	NZ_CP015240.1	4863599	0.058	312	0.004	0	4245	0.087	4188	98.657	57	1.343	0	0.000	24905	0.512	79	0.002	7	798493
LS_2_25_2013	Esch_coli_2011C-3911	NZ_CP015239.1	125977	0.252	93	0.000	0	1909	1.515	1826	95.652	83	4.352	2	0.105	5267	4.181	91	0.072	1	41432
LS_2_25_2013	Esch_coli_PA45B	NZ_CP021288.1	5074754	0.056	355	0.002	0	5194	0.102	5062	97.459	132	2.541	0	0.000	44517	0.877	200	0.004	10	1249448
LS_2_25_2013	Esch_coli_PA45B	NZ_CP021289.1	147172	0.698	519	0.003	0	14049	9.546	13887	98.847	162	1.153	0	0.000	11331	7.699	534	0.363	2	43816
LS_2_25_2013	Esch_coli_MSHS_133	NZ_CP041304.1	4946083	0.105	819	0.004	0	8042	0.163	7940	98.732	102	1.268	1	0.012	76314	1.543	134	0.003	4	242922
LS_2_25_2013	Esch_coli_MSHS_133	NZ_CP041303.1	157660	0.266	170	0.001	0	4425	2.807	4353	98.373	72	1.629	4	0.090	5579	3.539	134	0.085	2	78621
LS_2_25_2013	Esch_coli_NCTC122	NZ_LT906474.1	4625968	0.065	928	0.010	0	26694	0.577	26286	98.472	407	1.527	44	0.165	25150	0.544	335	0.007	14	1567949
LS_2_25_2013	Esch_coli_MVAST0167	NZ_CP014492.1	4806946	0.057	288	0.001	0	1771	0.037	1635	92.321	136	7.679	0	0.000	47863	0.996	519	0.011	8	1123514
LS_2_25_2013	Esch_coli_MVAST0167	NZ_CP014493.1	128305	1.003	559	0.003	0	16075	12.529	15938	99.148	137	0.853	9	0.056	18437	14.370	551	0.429	3	38608
LS_2_25_2013	Esch_coli_MVAST0167	NZ_CP014494.1	78992	0.689	460	0.001	0	13116	16.604	12918	98.490	198	1.510	3	0.023	848	1.074	430	0.544	2	38670
LS_2_25_2013	Esch_coli_Santai	NZ_CP007592.1	5104557	0.046	329	0.002	0	3397	0.067	3215	94.642	182	5.358	0	0.000	29363	0.575	2825	0.055	5	830505
LS_2_25_2013	Esch_coli_AR_0061	NZ_CP020058.1	4595238	0.041	104	0.001	0	294	0.006	288	97.959	6	2.041	0	0.000	22853	0.497	390	0.008	4	658953
LS_2_25_2013	Esch_coli_AR_0061	NZ_CP020059.1	87982	0.241	241	0.001	0	2930	3.330	2843	97.031	87	2.970	1	0.034	5132	5.833	3848	4.374	1	38166
LS_2_25_2013	Esch_coli_AR_0061	NZ_CP020060.1	50999	0.284	89	0.001	0	620	1.216	604	97.419	16	2.589	2	0.323	2947	5.779	722	1.416	0	0
LS_2_25_2013	TOTAL	-	50385128	0.269	47358	0.327	0	1337319	2.654	1335294	99.849	2024	0.151	94	0.007	1829753	3.632	16322	0.032	86	7415131
LS_3_24_2013	Esch_coli_EC-1639	NZ_LR025101.1	5059899	0.475	10543	0.052	0	192526	3.805	192341	99.904	185	0.096	14	0.007	226247	4.471	15458	0.306	2	46645
LS_3_24_2013	Esch_coli_EC-1639	NZ_LR025102.1	94720	0.769	344	0.002	0	9133	9.642	9129	99.956	4	0.044	0	0.000	6979	7.368	152	0.160	0	0
LS_3_24_2013	Esch_coli_EC-1639	NZ_LR025103.1	31016	0.000	0	0.000	0	0	0.000	0	0.000	0	0.000	0	0.000	0	0.000	0	0.000	1	31016
LS_3_24_2013	Esch_coli_EC-1639	NZ_LR025104.1	21855	0.000	0	0.000	0	0	0.000	0	0.000	0	0.000	0	0.000	0	0.000	0	0.000	1	21855
LS_3_24_2013	Esch_coli_EC-1639	NZ_LR025105.1	63589	0.005	0	0.000	0	0	0.000	0	0.000	0	0.000	0	0.000	0	0.000	0	0.000	0	0
LS_3_24_2013	Esch_coli_118UI	NZ_CP032515.1	5205677	0.314	4689	0.023	0	49963	0.960	49698	99.470	265	0.530	0	0.000	224007	4.303	14236	0.273	10	307788
LS_3_24_2013	Esch_coli_118UI	NZ_CP032517.1	4724	0.043	3	0.000	0	0	0.000	0	0.000	0	0.000	0	0.000	0	0.000	0	0.000	0	0
LS_3_24_2013	Esch_coli_118UI	NZ_CP032516.1	90328	0.199	1	0.000	0	0	0.000	0	0.000	0	0.000	0	0.000	3636	4.025	0	0.000	1	52648
LS_3_24_2013	Esch_coli_D5	NZ_CP010145.1	4817460	0.077	846	0.008	0	3808	0.079	3610	94.800	198	5.200	0	0.000	62654	1.301	10536	0.219	3	257059
LS_3_24_2013	Esch_coli_D5	NZ_CP010146.1	112874	0.117	13	0.000	0	59	0.052	59	100.000	0	0.000	0	0.000	5028	4.455	1787	1.583	1	78947
LS_3_24_2013	Esch_coli_D5	NZ_CP010147.1	88754	0.084	6	0.000	0	2	0.002	2	100.000	0	0.000	0	0.000	1547	1.743	0	0.000	0	0
LS_3_24_2013	Esch_coli_2011C-3911	NZ_CP015240.1	4863599	0.062	977	0.008	0	2413	0.050	2222	92.085	191	7.915	0	0.000	60597	1.246	9596	0.197	9	1209620
LS_3_24_2013	Esch_coli_2011C-3911	NZ_CP015239.1	125977	0.078	36	0.000	0	468	0.371	443	94.658	25	5.342	0	0.000	1124	0.892	0	0.000	1	76414
LS_3_24_2013	Esch_coli_PA45B	NZ_CP021288.1	5074754	0.063	1246	0.005	0	4933	0.097	4507	91.364	426	8.636	0	0.000	63292	1.247	14846	0.293	6	668488
LS_3_24_2013	Esch_coli_PA45B	NZ_CP021289.1	147172	0.324	210	0.001	0	5493	3.732	5457	99.345	36	0.655	0	0.000	4765	3.238	32	0.022	2	47196
LS_3_24_2013	Esch_coli_MSHS_133	NZ_CP041304.1	4946083	0.093	2394	0.008	0	10370	0.210	10072	97.126	298	2.874	0	0.000	65293	1.320	14376	0.291	4	273147
LS_3_24_2013	Esch_coli_MSHS_133	NZ_CP041303.1	157660	0.119	64	0.000	0	1754	1.113	1735	98.917	19	1.083	0	0.000	2201	1.396	0	0.000	1	91956
LS_3_24_2013	Esch_coli_NCTC122	NZ_LT906474.1	4625968	0.055	380	0.003	0	759	0.016	695	91.568	64	8.432	0	0.000	50216	1.086	6702	0.145	6	754405
LS_3_24_2013	Esch_coli_MVAST0167	NZ_CP014492.1	4806946	0.069	1040	0.004	0	3361	0.070	3147	93.633	214	6.367	0	0.000	56394	1.173	7975	0.166	2	168387
LS_3_24_2013	Esch_coli_MVAST0167	NZ_CP014493.1	128305	0.444	256	0.001	0	7303	5.692	7235	99.069	68	0.931	0	0.000	5908	4.605	15	0.012	1	27735
LS_3_24_2013	Esch_coli_MVAST0167	NZ_CP014494.1	78992	0.211	143	0.000	0	4100	5.190	4052	98.829	48	1.171	1	0.024	0	0.000	0	0.000	1	41114
LS_3_24_2013	Esch_coli_Santai	NZ_CP007592.1	5104557	0.056	972	0.003	0	3153	0.062	2812	89.185	341	10.819	1	0.032	64041	1.255	12548	0.246	10	1476131
LS_3_24_2013	Esch_coli_AR_0061	NZ_CP020058.1	4595238	0.057	381	0.003	0	1163	0.025	1060	91.144	103	8.856	0	0.000	54320	1.182	7514	0.164	7	806413
LS_3_24_2013	Esch_coli_AR_0061	NZ_CP020059.1	87982	0.153	314	0.001	0	147	0.167	130	88.435	17	11.565	0	0.000	3622	4.117	1526	1.734	1	52703
LS_3_24_2013	Esch_coli_AR_0061	NZ_CP020060.1	50999	0.153	17	0.000	0	0	0.000	0	0.000	0	0.000	0	0.000	1288	2.526	0	0.000	0	0
LS_3_24_2013	TOTAL	-	50385128	0.137	24875	0.122	0	300908	0.597	298406	99.169	2502	0.832	16	0.005	963159	1.912	117299	0.233	70	6489667
LS_4_7_2013	Esch_coli_EC-1639	NZ_LR025101.1	5059899	2.503	48583	0.351	2	1598972	31.601	1598737	99.985	235	0.015	285	0.018	1524719	30.133	3169	0.063	1	31008
LS_4_7_2013	Esch_coli_EC-1639	NZ_LR025102.1	94720	2.877	1406	0.009	3	38922	41.092	38916	99.985	6	0.015	11	0.028	26110	27.565	307	0.324	0	0
LS_4_7_2013	Esch_coli_EC-1639	NZ_LR025103.1	31016	0.000	0	0.000	0	0	0.000	0	0.000	0	0.000	0	0.000	0	0.000	0	0.000	1	31016
LS_4_7_2013	Esch_coli_EC-1639	NZ_LR025104.1	21855	0.000	0	0.000	0	0	0.000	0	0.000	0	0.000	0	0.000	0	0.000	0	0.000	1	21855
LS_4_7_2013	Esch_coli_EC-1639	NZ_LR025105.1	63589	0.005	0	0.000	0	0	0.000	0	0.000	0	0.000	0	0.000	0	0.000	0	0.000	0	0
LS_4_7_2013	Esch_coli_118UI	NZ_CP032515.1	5205677	2.594	54633	0.401	2	1759202	33.794	1758791	99.977	411	0.023	44	0.003	1540552	29.594	4533	0.087	22	313407
LS_4_7_2013	Esch_coli_118UI	NZ_CP032517.1	4724	0.048	3	0.000	0	0	0.000	0	0.000	0	0.000	0	0.000	0	0.000	0	0.000	0	0
LS_4_7_2013	Esch_coli_118UI	NZ_CP032516.1	90328	0.639	0	0.000	0	0	0.000	0	0.000	0	0.000	0	0.000	16352	18.103	37	0.041	2	51103
LS_4_7_2013	Esch_coli_D5	NZ_CP010145.1	4817460	0.141	1246	0.018	0	15684	0.326	15485	98.731	199	1.269	0	0.000	101512	2.107	646	0.013	9	407432
LS_4_7_2013	Esch_coli_D5	NZ_CP010146.1	112874	0.162	14	0.000	0	297	0.263	296	99.663	1	0.337	0	0.000	5167	4.578	511	0.453	1	54220
LS_4_7_2013	Esch_coli_D5	NZ_CP010147.1	88754	0.247	26	0.000	0	622	0.701	605	97.267	17	2.733	0	0.000	4956	5.584	902	1.016	1	27499
LS_4_7_2013	Esch_coli_2011C-3911	NZ_CP015240.1	4863599	0.118	940	0.011	0	21409	0.440	20932	97.772	477	2.229	10	0.047	82196	1.690	1516	0.031	15	1194632
LS_4_7_2013	Esch_coli_2011C-3911	NZ_CP015239.1	125977	0.371	231	0.001	0	3315	2.631	3208	96.772	107	3.228	0	0.000	9038	7.174	2527	2.006	1	42002
LS_4_7_2013	Esch_coli_PA45B	NZ_CP021288.1	5074754	0.118	954	0.005	0	18003	0.355	17620	97.873	383	2.128	4	0.022	108544	2.139	3985	0.079	19	1397931
LS_4_7_2013	Esch_coli_PA45B	NZ_CP021289.1	147172	0.863	1466	0.008	0	9074	6.166	8934	98.457	140	1.543	0	0.000	22563	15.331	15293	10.391	2	25371
LS_4_7_2013	Esch_coli_MSHS_133	NZ_CP041304.1	4946083	0.263	2529	0.013	0	36489	0.738	36130	99.016	359	0.984	2	0.005	240390	4.860	7400	0.150	12	366658
LS_4_7_2013	Esch_coli_MSHS_133	NZ_CP041303.1	157660	0.401	379	0.002	0	5429	3.443	5330	98.176	99	1.824	0	0.000	10668	6.766	4319	2.739	2	77284
LS_4_7_2013	Esch_coli_NCTC122	NZ_LT906474.1	4625968	0.097	430	0.005	0	8844	0.191	8680	98.146	164	1.854	0	0.000	74464	1.610	918	0.020	11	820658
LS_4_7_2013	Esch_coli_MVAST0167	NZ_CP014492.1	4806946	0.117	682	0.004	0	11188	0.233	10961	97.971	227	2.029	0	0.000	110701	2.303	3068	0.064	17	1089948
LS_4_7_2013	Esch_coli_MVAST0167	NZ_CP014493.1	128305	1.142	1747	0.011	0	8610	6.711	8463	98.293	147	1.709	10	0.116	26759	20.856	19336	15.070	3	39713
LS_4_7_2013	Esch_coli_MVAST0167	NZ_CP014494.1	78992	0.694	503	0.002	0	12401	15.699	12175	98.178	225	1.816	10	0.081	915	1.158	1125	1.424	1	51700
LS_4_7_2013	Esch_coli_Santai	NZ_CP007592.1	5104557	0.116	974	0.005	0	20273	0.397	19755	97.445	518	2.555	1	0.005	96092	1.882	2384	0.047	17	1154497
LS_4_7_2013	Esch_coli_AR_0061	NZ_CP020058.1	4595238	0.093	451	0.005	0	7674	0.167	7480	97.472	194	2.528	0	0.000	68509	1.491	1642	0.036	6	532947
LS_4_7_2013	Esch_coli_AR_0061	NZ_CP020059.1	87982	0.162	87	0.000	0	583	0.663	545	93.482	38	6.518	0	0.000	2849	3.238	630	0.716	1	56163
LS_4_7_2013	Esch_coli_AR_0061	NZ_CP020060.1	50999	0.411	5	0.000	0	1	0.002	1	100.000	0	0.000	0	0.000	5022	9.847	15	0.029	0	0
LS_4_7_2013	TOTAL	-	50385128	0.639	117289	0.850	0	3576992	7.099	3573044	99.890	3947	0.110	377	0.011	4078078	8.094	74263	0.147	145	7787044
LS_4_29_2013	Esch_coli_EC-1639	NZ_LR025101.1	5059899	0.233	3282	0.017	0	32805	0.648	32652	99.534	153	0.466	0	0.000	142856	2.823	10916	0.216	4	129898
LS_4_29_2013	Esch_coli_EC-1639	NZ_LR025102.1	94720	0.290	110	0.001	0	2128	2.247	2126	99.906	2	0.094	0	0.000	2879	3.039	9	0.010	0	0
LS_4_29_2013	Esch_coli_EC-1639	NZ_LR025103.1	31016	0.000	0	0.000	0	0	0.000	0	0.000	0	0.000	0	0.000	0	0.000	0	0.000	1	31016
LS_4_29_2013	Esch_coli_EC-1639	NZ_LR025104.1	21855	0.000	0	0.000	0	0	0.000	0	0.000	0	0.000	0	0.000	0	0.000	0	0.000	1	21855
LS_4_29_2013	Esch_coli_EC-1639	NZ_LR025105.1	63589	0.000	0	0.000	0	0	0.000	0	0.000	0	0.000	0	0.000	0	0.000	0	0.000	1	63589
LS_4_29_2013	Esch_coli_118UI	NZ_CP032515.1	5205677	0.356	8255	0.044	0	137595	2.643	137395	99.855	200	0.145	0	0.000	153839	2.955	8688	0.167	14	416785
LS_4_29_2013	Esch_coli_118UI	NZ_CP032517.1	4724	0.000	1	0.000	0	0	0.000	0	0.000	0	0.000	0	0.000	0	0.000	0	0.000	0	0
LS_4_29_2013	Esch_coli_118UI	NZ_CP032516.1	90328	0.046	1	0.000	0	0	0.000	0	0.000	0	0.000	0	0.000	356	0.394	0	0.000	0	0
LS_4_29_2013	Esch_coli_D5	NZ_CP010145.1	4817460	0.074	885	0.009	0	4538	0.094	4385	96.628	153	3.372	0	0.000	47582	0.988	5430	0.113	1	92107
LS_4_29_2013	Esch_coli_D5	NZ_CP010146.1	112874	0.132	31	0.000	0	272	0.241	268	98.529	4	1.471	0	0.000	4621	4.094	1465	1.298	1	55600
LS_4_29_2013	Esch_coli_D5	NZ_CP010147.1	88754	0.039	8	0.000	0	0	0.000	0	0.000	0	0.000	0	0.000	321	0.362	0	0.000	0	0
LS_4_29_2013	Esch_coli_2011C-3911	NZ_CP015240.1	4863599	0.057	717	0.006	0	2846	0.059	2687	94.413	159	5.587	0	0.000	45620	0.938	5125	0.105	11	1353043
LS_4_29_2013	Esch_coli_2011C-3911	NZ_CP015239.1	125977	0.047	31	0.000	0	362	0.287	352	97.238	10	2.762	0	0.000	149	0.118	0	0.000	0	0
LS_4_29_2013	Esch_coli_PA45B	NZ_CP021288.1	5074754	0.048	830	0.003	0	4632	0.091	4230	91.321	402	8.679	0	0.000	46771	0.922	9229	0.182	11	1532913
LS_4_29_2013	Esch_coli_PA45B	NZ_CP021289.1	147172	0.169	118	0.000	0	2126	1.445	2110	99.247	16	0.753	0	0.000	2539	1.725	0	0.000	1	35453
LS_4_29_2013	Esch_coli_MSHS_133	NZ_CP041304.1	4946083	0.058	1295	0.005	0	5811	0.117	5608	96.507	203	3.494	1	0.017	47403	0.958	9010	0.182	4	451103
LS_4_29_2013	Esch_coli_MSHS_133	NZ_CP041303.1	157660	0.056	43	0.000	0	876	0.556	863	98.516	13	1.484	0	0.000	430	0.273	0	0.000	0	0
LS_4_29_2013	Esch_coli_NCTC122	NZ_LT906474.1	4625968	0.045	277	0.002	0	1053	0.023	997	94.682	56	5.318	0	0.000	37582	0.812	3763	0.081	6	877847
LS_4_29_2013	Esch_coli_MVAST0167	NZ_CP014492.1	4806946	0.054	1005	0.004	0	3066	0.064	2880	93.933	186	6.067	0	0.000	37564	0.781	4941	0.103	0	0
LS_4_29_2013	Esch_coli_MVAST0167	NZ_CP014493.1	128305	0.248	171	0.001	0	2825	2.202	2813	99.575	12	0.425	0	0.000	1847	1.440	0	0.000	1	29640
LS_4_29_2013	Esch_coli_MVAST0167	NZ_CP014494.1	78992	0.085	59	0.000	0	965	1.222	955	98.964	10	1.036	0	0.000	0	0.000	0	0.000	0	0
LS_4_29_2013	Esch_coli_Santai	NZ_CP007592.1	5104557	0.048	791	0.003	0	4018	0.079	3724	92.683	294	7.317	0	0.000	47431	0.929	6368	0.125	11	1627971
LS_4_29_2013	Esch_coli_AR_0061	NZ_CP020058.1	4595238	0.046	281	0.002	0	1340	0.029	1249	93.209	91	6.791	0	0.000	37217	0.810	4309	0.094	9	1466715
LS_4_29_2013	Esch_coli_AR_0061	NZ_CP020059.1	87982	0.156	198	0.000	0	272	0.309	259	95.221	13	4.779	0	0.000	3568	4.055	1185	1.347	1	55401
LS_4_29_2013	Esch_coli_AR_0061	NZ_CP020060.1	50999	0.044	10	0.000	0	0	0.000	0	0.000	0	0.000	0	0.000	98	0.192	0	0.000	0	0
LS_4_29_2013	TOTAL	-	50385128	0.105	18399	0.099	0	207530	0.412	205553	99.047	1977	0.953	1	0.000	660673	1.311	70438	0.140	78	8240936
LS_6_9_2013	Esch_coli_EC-1639	NZ_LR025101.1	5059899	0.509	16336	0.049	0	33826	0.669	33759	99.802	67	0.198	3	0.009	772512	15.267	372412	7.360	7	120612
LS_6_9_2013	Esch_coli_EC-1639	NZ_LR025102.1	94720	0.311	106	0.000	0	2113	2.231	2101	99.432	12	0.568	2	0.095	3233	3.413	336	0.355	1	24704
LS_6_9_2013	Esch_coli_EC-1639	NZ_LR025103.1	31016	0.000	0	0.000	0	0	0.000	0	0.000	0	0.000	0	0.000	0	0.000	0	0.000	1	31016
LS_6_9_2013	Esch_coli_EC-1639	NZ_LR025104.1	21855	0.000	0	0.000	0	0	0.000	0	0.000	0	0.000	0	0.000	0	0.000	0	0.000	1	21855
LS_6_9_2013	Esch_coli_EC-1639	NZ_LR025105.1	63589	0.005	0	0.000	0	0	0.000	0	0.000	0	0.000	0	0.000	0	0.000	0	0.000	0	0
LS_6_9_2013	Esch_coli_118UI	NZ_CP032515.1	5205677	0.461	70186	0.212	0	5295	0.102	5199	98.187	96	1.814	2	0.038	873934	16.788	515032	9.894	14	312670
LS_6_9_2013	Esch_coli_118UI	NZ_CP032517.1	4724	6.895	6517	0.008	26	719	15.220	649	90.264	70	9.749	1	0.139	300	6.351	2069	43.798	0	0
LS_6_9_2013	Esch_coli_118UI	NZ_CP032516.1	90328	0.071	32	0.000	0	0	0.000	0	0.000	0	0.000	0	0.000	1748	1.935	1273	1.409	0	0
LS_6_9_2013	Esch_coli_D5	NZ_CP010145.1	4817460	72.332	1458559	8.443	79	2343644	48.649	2341747	99.919	1889	0.081	291	0.012	2755654	57.201	438323	9.099	10	103057
LS_6_9_2013	Esch_coli_D5	NZ_CP010146.1	112874	0.137	554	0.001	0	969	0.858	967	99.794	2	0.206	0	0.000	2811	2.490	912	0.808	1	52930
LS_6_9_2013	Esch_coli_D5	NZ_CP010147.1	88754	0.369	886	0.003	0	3366	3.793	3355	99.673	11	0.327	0	0.000	3840	4.327	3025	3.408	0	0
LS_6_9_2013	Esch_coli_2011C-3911	NZ_CP015240.1	4863599	13.698	33053	0.163	21	52358	1.077	51695	98.734	663	1.267	27	0.052	3338980	68.652	1346232	27.680	23	381445
LS_6_9_2013	Esch_coli_2011C-3911	NZ_CP015239.1	125977	0.080	31	0.000	0	436	0.346	427	97.936	9	2.064	0	0.000	3200	2.540	2204	1.750	0	0
LS_6_9_2013	Esch_coli_PA45B	NZ_CP021288.1	5074754	0.332	19857	0.045	0	13430	0.265	13274	98.838	156	1.162	0	0.000	547269	10.784	273431	5.388	18	492328
LS_6_9_2013	Esch_coli_PA45B	NZ_CP021289.1	147172	0.177	1061	0.002	0	976	0.663	965	98.873	11	1.127	0	0.000	3187	2.165	1053	0.715	0	0
LS_6_9_2013	Esch_coli_MSHS_133	NZ_CP041304.1	4946083	0.383	21290	0.044	0	7966	0.161	7858	98.644	107	1.345	8	0.100	675769	13.663	345099	6.977	18	424482
LS_6_9_2013	Esch_coli_MSHS_133	NZ_CP041303.1	157660	0.231	416	0.001	0	3728	2.365	3699	99.222	29	0.778	0	0.000	3375	2.141	1573	0.998	0	0
LS_6_9_2013	Esch_coli_NCTC122	NZ_LT906474.1	4625968	1.390	10393	0.049	1	9068	0.196	8966	98.875	102	1.125	1	0.011	2141804	46.300	1326145	28.667	21	311297
LS_6_9_2013	Esch_coli_MVAST0167	NZ_CP014492.1	4806946	0.523	39358	0.088	0	119611	2.488	119451	99.866	160	0.134	1	0.001	534275	11.115	275971	5.741	3	58203
LS_6_9_2013	Esch_coli_MVAST0167	NZ_CP014493.1	128305	0.170	487	0.001	0	1321	1.030	1310	99.167	11	0.833	0	0.000	2900	2.260	1891	1.474	0	0
LS_6_9_2013	Esch_coli_MVAST0167	NZ_CP014494.1	78992	0.044	29	0.000	0	247	0.313	244	98.785	3	1.215	0	0.000	0	0.000	0	0.000	0	0
LS_6_9_2013	Esch_coli_Santai	NZ_CP007592.1	5104557	0.700	17153	0.037	0	7698	0.151	7611	98.870	87	1.130	0	0.000	1790050	35.068	1225882	24.015	32	643574
LS_6_9_2013	Esch_coli_AR_0061	NZ_CP020058.1	4595238	1.442	10933	0.053	1	6017	0.131	5944	98.787	73	1.213	0	0.000	2209637	48.085	1389360	30.235	18	240620
LS_6_9_2013	Esch_coli_AR_0061	NZ_CP020059.1	87982	0.194	13	0.000	0	217	0.247	217	100.000	0	0.000	0	0.000	4190	4.762	687	0.781	2	68278
LS_6_9_2013	Esch_coli_AR_0061	NZ_CP020060.1	50999	0.123	2	0.000	0	0	0.000	0	0.000	0	0.000	0	0.000	1583	3.104	348	0.682	0	0
LS_6_9_2013	TOTAL	-	50385128	9.037	1707252	9.200	0	2613005	5.186	2609438	99.863	3558	0.136	336	0.013	15670251	31.101	7523258	14.932	170	3287071
LS_7_14_2013	Esch_coli_EC-1639	NZ_LR025101.1	5059899	0.393	13574	0.023	0	4438	0.088	4381	98.716	57	1.284	0	0.000	765945	15.138	380255	7.515	19	433517
LS_7_14_2013	Esch_coli_EC-1639	NZ_LR025102.1	94720	0.162	34	0.000	0	800	0.845	800	100.000	0	0.000	0	0.000	2159	2.279	70	0.074	1	35635
LS_7_14_2013	Esch_coli_EC-1639	NZ_LR025103.1	31016	0.000	0	0.000	0	0	0.000	0	0.000	0	0.000	0	0.000	0	0.000	0	0.000	1	31016
LS_7_14_2013	Esch_coli_EC-1639	NZ_LR025104.1	21855	0.000	0	0.000	0	0	0.000	0	0.000	0	0.000	0	0.000	0	0.000	0	0.000	1	21855
LS_7_14_2013	Esch_coli_EC-1639	NZ_LR025105.1	63589	0.000	0	0.000	0	0	0.000	0	0.000	0	0.000	0	0.000	0	0.000	0	0.000	1	63589
LS_7_14_2013	Esch_coli_118UI	NZ_CP032515.1	5205677	0.403	72191	0.126	0	5187	0.100	5071	97.764	116	2.236	0	0.000	849430	16.317	521056	10.009	25	662575
LS_7_14_2013	Esch_coli_118UI	NZ_CP032517.1	4724	5.865	9506	0.007	30	550	11.643	492	89.455	58	10.545	0	0.000	337	7.134	2183	46.211	0	0
LS_7_14_2013	Esch_coli_118UI	NZ_CP032516.1	90328	0.047	51	0.000	0	135	0.149	123	91.111	12	8.889	0	0.000	2177	2.410	1286	1.424	0	0
LS_7_14_2013	Esch_coli_D5	NZ_CP010145.1	4817460	74.602	1511667	5.048	82	2324166	48.245	2322341	99.921	1816	0.078	273	0.012	2763856	57.372	465541	9.664	12	114720
LS_7_14_2013	Esch_coli_D5	NZ_CP010146.1	112874	0.090	597	0.001	0	937	0.830	935	99.787	2	0.213	0	0.000	1604	1.421	808	0.716	1	59899
LS_7_14_2013	Esch_coli_D5	NZ_CP010147.1	88754	0.422	877	0.002	0	4058	4.572	4049	99.778	9	0.222	0	0.000	4939	5.565	2753	3.102	1	16305
LS_7_14_2013	Esch_coli_2011C-3911	NZ_CP015240.1	4863599	13.885	33652	0.096	22	54228	1.115	53561	98.770	667	1.230	15	0.028	3347804	68.834	1377451	28.322	22	382505
LS_7_14_2013	Esch_coli_2011C-3911	NZ_CP015239.1	125977	0.064	24	0.000	0	378	0.300	363	96.032	15	3.968	0	0.000	3625	2.878	2472	1.962	0	0
LS_7_14_2013	Esch_coli_PA45B	NZ_CP021288.1	5074754	0.330	19858	0.026	0	14725	0.290	14548	98.798	177	1.202	0	0.000	555406	10.944	277380	5.466	22	613262
LS_7_14_2013	Esch_coli_PA45B	NZ_CP021289.1	147172	0.069	1550	0.002	0	3	0.002	2	66.667	1	33.333	0	0.000	2342	1.591	1024	0.696	0	0
LS_7_14_2013	Esch_coli_MSHS_133	NZ_CP041304.1	4946083	0.381	21825	0.026	0	8437	0.171	8290	98.258	147	1.743	1	0.012	692936	14.010	354320	7.164	23	545704
LS_7_14_2013	Esch_coli_MSHS_133	NZ_CP041303.1	157660	0.274	440	0.001	0	5055	3.206	5003	98.971	52	1.029	0	0.000	4853	3.078	1654	1.049	1	28989
LS_7_14_2013	Esch_coli_NCTC122	NZ_LT906474.1	4625968	1.382	10874	0.030	1	6689	0.145	6597	98.625	92	1.375	0	0.000	2157175	46.632	1354220	29.274	18	289669
LS_7_14_2013	Esch_coli_MVAST0167	NZ_CP014492.1	4806946	0.509	41133	0.053	0	115878	2.411	115740	99.881	137	0.118	3	0.003	533968	11.108	283348	5.895	7	122834
LS_7_14_2013	Esch_coli_MVAST0167	NZ_CP014493.1	128305	0.070	401	0.001	0	255	0.199	247	96.863	8	3.137	0	0.000	2634	2.053	1859	1.449	0	0
LS_7_14_2013	Esch_coli_MVAST0167	NZ_CP014494.1	78992	0.005	2	0.000	0	5	0.006	5	100.000	0	0.000	0	0.000	0	0.000	0	0.000	0	0
LS_7_14_2013	Esch_coli_Santai	NZ_CP007592.1	5104557	0.700	17663	0.022	0	6522	0.128	6433	98.635	89	1.365	0	0.000	1805100	35.363	1239533	24.283	29	627110
LS_7_14_2013	Esch_coli_AR_0061	NZ_CP020058.1	4595238	1.440	11452	0.032	1	5906	0.129	5830	98.713	76	1.287	0	0.000	2216413	48.233	1407927	30.639	20	249873
LS_7_14_2013	Esch_coli_AR_0061	NZ_CP020059.1	87982	0.137	3	0.000	0	0	0.000	0	0.000	0	0.000	0	0.000	2729	3.102	53	0.060	0	0
LS_7_14_2013	Esch_coli_AR_0061	NZ_CP020060.1	50999	0.081	2	0.000	0	0	0.000	0	0.000	0	0.000	0	0.000	860	1.686	357	0.700	0	0
LS_7_14_2013	TOTAL	-	50385128	9.235	1767376	5.494	0	2558352	5.078	2554811	99.862	3531	0.138	292	0.011	15716292	31.192	7675550	15.234	204	4299057
LS_8_10_2013	Esch_coli_EC-1639	NZ_LR025101.1	5059899	0.629	25972	0.064	0	72696	1.437	72609	99.880	87	0.120	0	0.000	939667	18.571	490905	9.702	2	41891
LS_8_10_2013	Esch_coli_EC-1639	NZ_LR025102.1	94720	0.482	195	0.000	0	3834	4.048	3813	99.452	21	0.548	1	0.026	5481	5.787	0	0.000	0	0
LS_8_10_2013	Esch_coli_EC-1639	NZ_LR025103.1	31016	0.000	0	0.000	0	0	0.000	0	0.000	0	0.000	0	0.000	0	0.000	0	0.000	1	31016
LS_8_10_2013	Esch_coli_EC-1639	NZ_LR025104.1	21855	0.000	0	0.000	0	0	0.000	0	0.000	0	0.000	0	0.000	0	0.000	0	0.000	1	21855
LS_8_10_2013	Esch_coli_EC-1639	NZ_LR025105.1	63589	0.021	0	0.000	0	0	0.000	0	0.000	0	0.000	0	0.000	353	0.555	0	0.000	0	0
LS_8_10_2013	Esch_coli_118UI	NZ_CP032515.1	5205677	0.516	113005	0.283	0	9990	0.192	9825	98.348	165	1.652	0	0.000	1030552	19.797	641881	12.330	13	279754
LS_8_10_2013	Esch_coli_118UI	NZ_CP032517.1	4724	7.235	15802	0.016	49	562	11.897	500	88.968	62	11.032	0	0.000	237	5.017	2242	47.460	0	0
LS_8_10_2013	Esch_coli_118UI	NZ_CP032516.1	90328	0.194	92	0.000	0	172	0.190	159	92.442	13	7.558	0	0.000	4801	5.315	1415	1.567	0	0
LS_8_10_2013	Esch_coli_D5	NZ_CP010145.1	4817460	112.852	2332926	11.187	126	2272026	47.162	2270072	99.914	1946	0.086	297	0.013	2772018	57.541	566568	11.761	8	78705
LS_8_10_2013	Esch_coli_D5	NZ_CP010146.1	112874	0.100	850	0.001	0	784	0.695	783	99.872	1	0.128	0	0.000	2358	2.089	766	0.679	1	52822
LS_8_10_2013	Esch_coli_D5	NZ_CP010147.1	88754	1.358	1668	0.005	1	15628	17.608	15550	99.501	77	0.493	1	0.006	16001	18.028	3071	3.460	2	19901
LS_8_10_2013	Esch_coli_2011C-3911	NZ_CP015240.1	4863599	18.233	49056	0.201	34	59742	1.228	58997	98.753	745	1.247	21	0.035	3413473	70.184	1584962	32.588	25	370749
LS_8_10_2013	Esch_coli_2011C-3911	NZ_CP015239.1	125977	0.184	84	0.000	0	2169	1.722	2097	96.680	72	3.320	0	0.000	5808	4.610	2569	2.039	0	0
LS_8_10_2013	Esch_coli_PA45B	NZ_CP021288.1	5074754	0.506	31452	0.059	0	75145	1.481	74678	99.379	467	0.622	5	0.007	757954	14.936	354421	6.984	21	448051
LS_8_10_2013	Esch_coli_PA45B	NZ_CP021289.1	147172	0.288	2756	0.005	0	1893	1.286	1853	97.887	40	2.113	0	0.000	7135	4.848	1428	0.970	0	0
LS_8_10_2013	Esch_coli_MSHS_133	NZ_CP041304.1	4946083	0.464	34329	0.059	0	22659	0.458	22444	99.051	214	0.945	10	0.044	839242	16.968	452226	9.143	16	313678
LS_8_10_2013	Esch_coli_MSHS_133	NZ_CP041303.1	157660	0.948	1055	0.002	0	21611	13.707	21475	99.371	136	0.629	3	0.014	17627	11.180	2088	1.324	3	38519
LS_8_10_2013	Esch_coli_NCTC122	NZ_LT906474.1	4625968	1.798	17232	0.068	2	11827	0.256	11707	98.985	120	1.015	3	0.025	2302608	49.776	1457402	31.505	22	285277
LS_8_10_2013	Esch_coli_MVAST0167	NZ_CP014492.1	4806946	1.257	77457	0.143	1	793241	16.502	792663	99.927	578	0.073	9	0.001	726789	15.120	305639	6.358	5	57053
LS_8_10_2013	Esch_coli_MVAST0167	NZ_CP014493.1	128305	0.335	785	0.002	0	3830	2.985	3782	98.747	48	1.253	0	0.000	5817	4.534	1930	1.504	0	0
LS_8_10_2013	Esch_coli_MVAST0167	NZ_CP014494.1	78992	0.200	130	0.000	0	3233	4.093	3193	98.763	40	1.237	0	0.000	286	0.362	0	0.000	1	33043
LS_8_10_2013	Esch_coli_Santai	NZ_CP007592.1	5104557	0.702	26481	0.047	0	9629	0.189	9482	98.473	147	1.527	0	0.000	1948837	38.178	1424161	27.900	29	555050
LS_8_10_2013	Esch_coli_AR_0061	NZ_CP020058.1	4595238	1.849	17758	0.072	2	9687	0.211	9560	98.689	127	1.311	0	0.000	2362805	51.419	1516622	33.004	18	209264
LS_8_10_2013	Esch_coli_AR_0061	NZ_CP020059.1	87982	0.157	10	0.000	0	0	0.000	0	0.000	0	0.000	0	0.000	3693	4.197	13	0.015	0	0
LS_8_10_2013	Esch_coli_AR_0061	NZ_CP020060.1	50999	0.328	4	0.000	0	208	0.408	208	100.000	0	0.000	0	0.000	4481	8.786	480	0.941	0	0
LS_8_10_2013	TOTAL	-	50385128	13.695	2749099	12.213	1	3390566	6.729	3385450	99.849	5106	0.151	350	0.010	17168023	34.074	8810789	17.487	168	2836628
LS_9_3_2013	Esch_coli_EC-1639	NZ_LR025101.1	5059899	0.402	20284	0.054	0	3870	0.076	3802	98.243	68	1.757	0	0.000	870845	17.211	485285	9.591	21	570660
LS_9_3_2013	Esch_coli_EC-1639	NZ_LR025102.1	94720	0.037	5	0.000	0	0	0.000	0	0.000	0	0.000	0	0.000	646	0.682	0	0.000	0	0
LS_9_3_2013	Esch_coli_EC-1639	NZ_LR025103.1	31016	0.000	0	0.000	0	0	0.000	0	0.000	0	0.000	0	0.000	0	0.000	0	0.000	1	31016
LS_9_3_2013	Esch_coli_EC-1639	NZ_LR025104.1	21855	0.000	0	0.000	0	0	0.000	0	0.000	0	0.000	0	0.000	0	0.000	0	0.000	1	21855
LS_9_3_2013	Esch_coli_EC-1639	NZ_LR025105.1	63589	0.000	0	0.000	0	0	0.000	0	0.000	0	0.000	0	0.000	0	0.000	0	0.000	1	63589
LS_9_3_2013	Esch_coli_118UI	NZ_CP032515.1	5205677	0.416	109446	0.298	0	5195	0.100	5099	98.152	95	1.829	2	0.038	962376	18.487	639272	12.280	22	598048
LS_9_3_2013	Esch_coli_118UI	NZ_CP032517.1	4724	13.795	17064	0.019	69	625	13.230	562	89.920	62	9.952	2	0.320	357	7.557	2147	45.449	0	0
LS_9_3_2013	Esch_coli_118UI	NZ_CP032516.1	90328	0.041	103	0.000	0	278	0.308	266	95.683	12	4.317	0	0.000	2044	2.263	1359	1.505	0	0
LS_9_3_2013	Esch_coli_D5	NZ_CP010145.1	4817460	112.981	2318634	12.108	126	2298255	47.707	2296344	99.917	1904	0.083	290	0.013	2775263	57.608	535994	11.126	10	84709
LS_9_3_2013	Esch_coli_D5	NZ_CP010146.1	112874	0.041	837	0.001	0	5	0.004	4	80.000	1	20.000	0	0.000	873	0.773	773	0.685	0	0
LS_9_3_2013	Esch_coli_D5	NZ_CP010147.1	88754	0.095	968	0.003	0	63	0.071	62	98.413	1	1.587	0	0.000	2199	2.478	3079	3.469	0	0
LS_9_3_2013	Esch_coli_2011C-3911	NZ_CP015240.1	4863599	18.291	52757	0.235	34	62274	1.280	61592	98.905	682	1.095	15	0.024	3417602	70.269	1577563	32.436	23	340750
LS_9_3_2013	Esch_coli_2011C-3911	NZ_CP015239.1	125977	0.045	16	0.000	0	47	0.037	46	97.872	1	2.128	0	0.000	3393	2.693	2532	2.010	0	0
LS_9_3_2013	Esch_coli_PA45B	NZ_CP021288.1	5074754	0.303	30325	0.062	0	5869	0.116	5768	98.279	101	1.721	0	0.000	610449	12.029	346786	6.834	20	539683
LS_9_3_2013	Esch_coli_PA45B	NZ_CP021289.1	147172	0.071	2943	0.006	0	912	0.620	908	99.561	4	0.439	0	0.000	1319	0.896	1434	0.974	0	0
LS_9_3_2013	Esch_coli_MSHS_133	NZ_CP041304.1	4946083	0.390	33577	0.063	0	7232	0.146	7090	98.037	142	1.964	2	0.028	788659	15.945	456526	9.230	21	443711
LS_9_3_2013	Esch_coli_MSHS_133	NZ_CP041303.1	157660	0.079	499	0.001	0	878	0.557	873	99.431	5	0.569	0	0.000	1630	1.034	1673	1.061	0	0
LS_9_3_2013	Esch_coli_NCTC122	NZ_LT906474.1	4625968	1.784	16487	0.071	2	10924	0.236	10806	98.920	118	1.080	1	0.009	2301721	49.757	1452774	31.405	20	277431
LS_9_3_2013	Esch_coli_MVAST0167	NZ_CP014492.1	4806946	0.335	49343	0.099	0	8376	0.174	8281	98.866	95	1.134	1	0.012	593673	12.350	343445	7.145	6	122930
LS_9_3_2013	Esch_coli_MVAST0167	NZ_CP014493.1	128305	0.101	714	0.002	0	2092	1.630	2082	99.522	10	0.478	0	0.000	2069	1.613	1932	1.506	0	0
LS_9_3_2013	Esch_coli_MVAST0167	NZ_CP014494.1	78992	0.079	47	0.000	0	1347	1.705	1323	98.218	24	1.782	0	0.000	19	0.024	0	0.000	0	0
LS_9_3_2013	Esch_coli_Santai	NZ_CP007592.1	5104557	0.698	26325	0.051	0	7744	0.152	7677	99.135	67	0.865	0	0.000	1957174	38.342	1426500	27.946	26	559827
LS_9_3_2013	Esch_coli_AR_0061	NZ_CP020058.1	4595238	1.851	17500	0.077	2	9613	0.209	9475	98.564	138	1.436	0	0.000	2359490	51.346	1510732	32.876	17	215972
LS_9_3_2013	Esch_coli_AR_0061	NZ_CP020059.1	87982	0.117	64	0.000	0	1379	1.567	1378	99.927	1	0.073	0	0.000	1070	1.216	0	0.000	1	56265
LS_9_3_2013	Esch_coli_AR_0061	NZ_CP020060.1	50999	0.057	9	0.000	0	54	0.106	50	92.593	4	7.407	0	0.000	573	1.124	360	0.706	0	0
LS_9_3_2013	TOTAL	-	50385128	13.615	2697947	13.150	0	2427032	4.817	2423488	99.854	3535	0.146	313	0.013	16653444	33.052	8790166	17.446	190	3926446
LS_9_24_2013	Esch_coli_EC-1639	NZ_LR025101.1	5059899	0.500	35917	0.076	0	18656	0.369	17106	91.692	1550	8.312	8	0.043	1084471	21.433	642216	12.692	20	471321
LS_9_24_2013	Esch_coli_EC-1639	NZ_LR025102.1	94720	0.069	1703	0.003	0	515	0.544	492	95.534	23	4.466	0	0.000	537	0.567	5164	5.452	0	0
LS_9_24_2013	Esch_coli_EC-1639	NZ_LR025103.1	31016	0.000	0	0.000	0	0	0.000	0	0.000	0	0.000	0	0.000	0	0.000	0	0.000	1	31016
LS_9_24_2013	Esch_coli_EC-1639	NZ_LR025104.1	21855	0.000	0	0.000	0	0	0.000	0	0.000	0	0.000	0	0.000	0	0.000	0	0.000	1	21855
LS_9_24_2013	Esch_coli_EC-1639	NZ_LR025105.1	63589	0.000	0	0.000	0	0	0.000	0	0.000	0	0.000	0	0.000	0	0.000	0	0.000	1	63589
LS_9_24_2013	Esch_coli_118UI	NZ_CP032515.1	5205677	0.513	179355	0.388	0	16596	0.319	15055	90.715	1540	9.282	4	0.024	1192677	22.911	794406	15.260	20	562479
LS_9_24_2013	Esch_coli_118UI	NZ_CP032517.1	4724	15.232	28055	0.024	96	594	12.574	523	88.047	71	11.953	0	0.000	515	10.902	2236	47.333	0	0
LS_9_24_2013	Esch_coli_118UI	NZ_CP032516.1	90328	0.031	146	0.000	0	208	0.230	199	95.673	9	4.327	0	0.000	1852	2.050	1417	1.569	0	0
LS_9_24_2013	Esch_coli_D5	NZ_CP010145.1	4817460	176.669	3702306	15.330	200	2223217	46.149	2221254	99.912	1944	0.087	470	0.021	2775642	57.616	646674	13.424	9	98321
LS_9_24_2013	Esch_coli_D5	NZ_CP010146.1	112874	0.034	1280	0.002	0	207	0.183	204	98.551	3	1.449	0	0.000	997	0.883	777	0.688	0	0
LS_9_24_2013	Esch_coli_D5	NZ_CP010147.1	88754	0.183	1753	0.004	0	551	0.621	549	99.637	2	0.363	0	0.000	3618	4.076	3229	3.638	0	0
LS_9_24_2013	Esch_coli_2011C-3911	NZ_CP015240.1	4863599	25.426	85254	0.301	55	80791	1.661	79044	97.838	1743	2.160	104	0.129	3499443	71.952	1747050	35.921	21	364853
LS_9_24_2013	Esch_coli_2011C-3911	NZ_CP015239.1	125977	0.046	10	0.000	0	9	0.007	8	88.889	1	11.111	0	0.000	3565	2.830	2652	2.105	0	0
LS_9_24_2013	Esch_coli_PA45B	NZ_CP021288.1	5074754	0.404	50218	0.081	0	19937	0.393	18511	92.847	1426	7.153	0	0.000	802276	15.809	459068	9.046	19	526621
LS_9_24_2013	Esch_coli_PA45B	NZ_CP021289.1	147172	0.048	5549	0.009	0	509	0.346	508	99.804	1	0.196	0	0.000	1964	1.334	5516	3.748	0	0
LS_9_24_2013	Esch_coli_MSHS_133	NZ_CP041304.1	4946083	0.490	56786	0.084	0	24074	0.487	22064	91.651	2008	8.343	5	0.021	988556	19.987	590648	11.942	22	441900
LS_9_24_2013	Esch_coli_MSHS_133	NZ_CP041303.1	157660	0.101	601	0.001	0	640	0.406	637	99.531	3	0.469	0	0.000	3060	1.941	1782	1.130	0	0
LS_9_24_2013	Esch_coli_NCTC122	NZ_LT906474.1	4625968	2.212	28851	0.098	3	19808	0.428	18831	95.068	976	4.931	14	0.071	2489093	53.807	1610598	34.816	21	296396
LS_9_24_2013	Esch_coli_MVAST0167	NZ_CP014492.1	4806946	0.470	84046	0.134	0	36624	0.762	34914	95.331	1710	4.669	2	0.005	775570	16.134	454158	9.448	9	172647
LS_9_24_2013	Esch_coli_MVAST0167	NZ_CP014493.1	128305	0.040	1054	0.002	0	1	0.001	1	100.000	0	0.000	0	0.000	2345	1.828	1973	1.538	0	0
LS_9_24_2013	Esch_coli_MVAST0167	NZ_CP014494.1	78992	0.023	14	0.000	0	33	0.042	33	100.000	0	0.000	0	0.000	0	0.000	0	0.000	0	0
LS_9_24_2013	Esch_coli_Santai	NZ_CP007592.1	5104557	1.034	45301	0.070	1	28860	0.565	26914	93.257	1946	6.743	2	0.007	2133695	41.800	1494034	29.269	37	625777
LS_9_24_2013	Esch_coli_AR_0061	NZ_CP020058.1	4595238	2.591	28923	0.101	4	21422	0.466	20500	95.696	922	4.304	2	0.009	2547737	55.443	1608048	34.994	19	239564
LS_9_24_2013	Esch_coli_AR_0061	NZ_CP020059.1	87982	0.041	0	0.000	0	0	0.000	0	0.000	0	0.000	0	0.000	747	0.849	0	0.000	0	0
LS_9_24_2013	Esch_coli_AR_0061	NZ_CP020060.1	50999	0.044	0	0.000	0	0	0.000	0	0.000	0	0.000	0	0.000	976	1.914	384	0.753	0	0
LS_9_24_2013	TOTAL	-	50385128	20.957	4337122	16.708	0	2493252	4.948	2477347	99.362	15878	0.637	611	0.025	18309336	36.339	10072030	19.990	200	3916339
LS_10_27_2013	Esch_coli_EC-1639	NZ_LR025101.1	5059899	0.424	18354	0.049	0	9792	0.194	9284	94.812	508	5.188	0	0.000	856817	16.933	457438	9.040	24	520701
LS_10_27_2013	Esch_coli_EC-1639	NZ_LR025102.1	94720	0.301	250	0.001	0	4864	5.135	4682	96.258	182	3.742	0	0.000	1561	1.648	594	0.627	1	28123
LS_10_27_2013	Esch_coli_EC-1639	NZ_LR025103.1	31016	0.000	0	0.000	0	0	0.000	0	0.000	0	0.000	0	0.000	0	0.000	0	0.000	1	31016
LS_10_27_2013	Esch_coli_EC-1639	NZ_LR025104.1	21855	0.000	0	0.000	0	0	0.000	0	0.000	0	0.000	0	0.000	0	0.000	0	0.000	1	21855
LS_10_27_2013	Esch_coli_EC-1639	NZ_LR025105.1	63589	0.009	0	0.000	0	0	0.000	0	0.000	0	0.000	0	0.000	144	0.226	0	0.000	0	0
LS_10_27_2013	Esch_coli_118UI	NZ_CP032515.1	5205677	0.447	97081	0.261	0	8535	0.164	8224	96.356	311	3.644	0	0.000	959173	18.426	605359	11.629	18	399925
LS_10_27_2013	Esch_coli_118UI	NZ_CP032517.1	4724	8.622	15576	0.017	51	573	12.130	507	88.482	66	11.518	0	0.000	258	5.461	2209	46.761	0	0
LS_10_27_2013	Esch_coli_118UI	NZ_CP032516.1	90328	0.064	80	0.000	0	88	0.097	84	95.455	4	4.545	0	0.000	2270	2.513	1340	1.483	0	0
LS_10_27_2013	Esch_coli_D5	NZ_CP010145.1	4817460	99.417	2030066	10.466	110	2304309	47.832	2302377	99.916	1925	0.084	287	0.012	2766729	57.431	518881	10.771	8	84969
LS_10_27_2013	Esch_coli_D5	NZ_CP010146.1	112874	0.053	707	0.001	0	215	0.190	215	100.000	0	0.000	0	0.000	1320	1.169	765	0.678	0	0
LS_10_27_2013	Esch_coli_D5	NZ_CP010147.1	88754	0.716	1186	0.004	0	7395	8.332	7364	99.581	30	0.406	1	0.014	9208	10.375	3148	3.547	1	11848
LS_10_27_2013	Esch_coli_2011C-3911	NZ_CP015240.1	4863599	17.256	44805	0.197	30	61521	1.265	60551	98.423	970	1.578	57	0.093	3395770	69.820	1486848	30.571	23	376960
LS_10_27_2013	Esch_coli_2011C-3911	NZ_CP015239.1	125977	0.084	27	0.000	0	612	0.486	586	95.752	26	4.248	0	0.000	3819	3.032	2359	1.873	0	0
LS_10_27_2013	Esch_coli_PA45B	NZ_CP021288.1	5074754	0.408	27335	0.055	0	32669	0.644	32251	98.720	418	1.280	1	0.003	659810	13.002	333867	6.579	21	513904
LS_10_27_2013	Esch_coli_PA45B	NZ_CP021289.1	147172	0.189	2649	0.005	0	3786	2.573	3742	98.838	44	1.162	0	0.000	3160	2.147	1310	0.890	2	70700
LS_10_27_2013	Esch_coli_MSHS_133	NZ_CP041304.1	4946083	0.431	30136	0.056	0	17666	0.357	17143	97.040	523	2.961	1	0.006	789760	15.967	428572	8.665	16	351112
LS_10_27_2013	Esch_coli_MSHS_133	NZ_CP041303.1	157660	0.456	623	0.001	0	9169	5.816	9136	99.640	33	0.360	1	0.011	9842	6.243	1653	1.048	1	26409
LS_10_27_2013	Esch_coli_NCTC122	NZ_LT906474.1	4625968	1.382	15069	0.064	1	9634	0.208	9455	98.142	179	1.858	1	0.010	2262414	48.907	1513556	32.719	20	270152
LS_10_27_2013	Esch_coli_MVAST0167	NZ_CP014492.1	4806946	0.761	57823	0.115	0	315609	6.566	315129	99.848	480	0.152	12	0.004	643864	13.394	334086	6.950	7	88010
LS_10_27_2013	Esch_coli_MVAST0167	NZ_CP014493.1	128305	0.106	597	0.001	0	212	0.165	212	100.000	0	0.000	0	0.000	2908	2.266	1933	1.507	0	0
LS_10_27_2013	Esch_coli_MVAST0167	NZ_CP014494.1	78992	0.011	5	0.000	0	0	0.000	0	0.000	0	0.000	0	0.000	105	0.133	0	0.000	0	0
LS_10_27_2013	Esch_coli_Santai	NZ_CP007592.1	5104557	0.716	23342	0.045	0	11713	0.229	11435	97.627	278	2.373	0	0.000	1912541	37.467	1370667	26.852	28	564688
LS_10_27_2013	Esch_coli_AR_0061	NZ_CP020058.1	4595238	1.874	15819	0.069	2	9477	0.206	9301	98.143	176	1.857	0	0.000	2327207	50.644	1444177	31.428	19	217456
LS_10_27_2013	Esch_coli_AR_0061	NZ_CP020059.1	87982	0.090	4	0.000	0	75	0.085	75	100.000	0	0.000	0	0.000	1871	2.127	0	0.000	0	0
LS_10_27_2013	Esch_coli_AR_0061	NZ_CP020060.1	50999	0.122	2	0.000	0	0	0.000	0	0.000	0	0.000	0	0.000	1783	3.496	359	0.704	0	0
LS_10_27_2013	TOTAL	-	50385128	12.180	2381536	11.405	0	2807914	5.573	2801753	99.781	6153	0.219	361	0.013	16612334	32.971	8509121	16.888	191	3577828
LS_11_10_2013	Esch_coli_EC-1639	NZ_LR025101.1	5059899	0.457	16849	0.045	0	17005	0.336	15562	91.514	1443	8.486	1	0.006	856483	16.927	423983	8.379	28	652145
LS_11_10_2013	Esch_coli_EC-1639	NZ_LR025102.1	94720	0.023	1038	0.003	0	385	0.406	357	92.727	28	7.273	0	0.000	0	0.000	5079	5.362	0	0
LS_11_10_2013	Esch_coli_EC-1639	NZ_LR025103.1	31016	0.000	0	0.000	0	0	0.000	0	0.000	0	0.000	0	0.000	0	0.000	0	0.000	1	31016
LS_11_10_2013	Esch_coli_EC-1639	NZ_LR025104.1	21855	0.000	0	0.000	0	0	0.000	0	0.000	0	0.000	0	0.000	0	0.000	0	0.000	1	21855
LS_11_10_2013	Esch_coli_EC-1639	NZ_LR025105.1	63589	0.000	0	0.000	0	0	0.000	0	0.000	0	0.000	0	0.000	0	0.000	0	0.000	1	63589
LS_11_10_2013	Esch_coli_118UI	NZ_CP032515.1	5205677	0.472	80299	0.220	0	17478	0.336	16088	92.047	1390	7.954	3	0.017	952036	18.288	565465	10.862	25	675812
LS_11_10_2013	Esch_coli_118UI	NZ_CP032517.1	4724	9.425	10357	0.011	42	662	14.014	591	89.275	71	10.725	0	0.000	244	5.165	2129	45.068	0	0
LS_11_10_2013	Esch_coli_118UI	NZ_CP032516.1	90328	0.018	66	0.000	0	38	0.042	37	97.368	1	2.632	0	0.000	1642	1.818	1284	1.421	0	0
LS_11_10_2013	Esch_coli_D5	NZ_CP010145.1	4817460	79.750	1636358	8.579	88	2293826	47.615	2292035	99.922	1769	0.077	584	0.025	2766344	57.423	510291	10.593	11	113045
LS_11_10_2013	Esch_coli_D5	NZ_CP010146.1	112874	0.017	616	0.001	0	23	0.020	22	95.652	1	4.348	0	0.000	346	0.307	758	0.672	0	0
LS_11_10_2013	Esch_coli_D5	NZ_CP010147.1	88754	0.036	860	0.003	0	69	0.078	64	92.754	5	7.246	0	0.000	1744	1.965	2832	3.191	0	0
LS_11_10_2013	Esch_coli_2011C-3911	NZ_CP015240.1	4863599	14.787	34382	0.154	24	65770	1.352	64295	97.757	1473	2.241	48	0.073	3377338	69.441	1402245	28.831	22	396212
LS_11_10_2013	Esch_coli_2011C-3911	NZ_CP015239.1	125977	0.021	5	0.000	0	0	0.000	0	0.000	0	0.000	0	0.000	3158	2.507	2525	2.004	0	0
LS_11_10_2013	Esch_coli_PA45B	NZ_CP021288.1	5074754	0.336	21056	0.043	0	13651	0.269	12684	92.916	967	7.084	0	0.000	612843	12.076	310288	6.114	26	680149
LS_11_10_2013	Esch_coli_PA45B	NZ_CP021289.1	147172	0.034	2332	0.005	0	665	0.452	660	99.248	5	0.752	0	0.000	1045	0.710	4747	3.225	0	0
LS_11_10_2013	Esch_coli_MSHS_133	NZ_CP041304.1	4946083	0.434	25366	0.048	0	22886	0.463	20983	91.685	1903	8.317	4	0.017	773633	15.641	394257	7.971	27	567553
LS_11_10_2013	Esch_coli_MSHS_133	NZ_CP041303.1	157660	0.008	276	0.001	0	1	0.001	1	100.000	0	0.000	0	0.000	1167	0.740	1676	1.063	0	0
LS_11_10_2013	Esch_coli_NCTC122	NZ_LT906474.1	4625968	1.438	13120	0.056	1	12798	0.277	12187	95.226	610	4.769	6	0.047	2219599	47.981	1407899	30.435	20	298839
LS_11_10_2013	Esch_coli_MVAST0167	NZ_CP014492.1	4806946	0.349	38079	0.077	0	17063	0.355	15778	92.469	1285	7.533	5	0.029	603959	12.564	311556	6.481	19	417238
LS_11_10_2013	Esch_coli_MVAST0167	NZ_CP014493.1	128305	0.014	474	0.001	0	6	0.005	6	100.000	0	0.000	0	0.000	1596	1.244	1890	1.473	0	0
LS_11_10_2013	Esch_coli_MVAST0167	NZ_CP014494.1	78992	0.000	0	0.000	0	0	0.000	0	0.000	0	0.000	0	0.000	0	0.000	0	0.000	1	78992
LS_11_10_2013	Esch_coli_Santai	NZ_CP007592.1	5104557	0.749	20850	0.041	0	19649	0.385	18246	92.860	1403	7.140	0	0.000	1871132	36.656	1287704	25.227	29	621245
LS_11_10_2013	Esch_coli_AR_0061	NZ_CP020058.1	4595238	1.960	13676	0.060	2	15394	0.335	14657	95.212	737	4.788	1	0.006	2281261	49.644	1316872	28.657	20	250865
LS_11_10_2013	Esch_coli_AR_0061	NZ_CP020059.1	87982	0.003	0	0.000	0	0	0.000	0	0.000	0	0.000	0	0.000	0	0.000	0	0.000	0	0
LS_11_10_2013	Esch_coli_AR_0061	NZ_CP020060.1	50999	0.010	0	0.000	0	0	0.000	0	0.000	0	0.000	0	0.000	394	0.773	350	0.686	0	0
LS_11_10_2013	TOTAL	-	50385128	9.853	1916059	9.347	0	2497369	4.957	2484253	99.475	13091	0.524	652	0.026	16325964	32.402	7953830	15.786	231	4868555
LS_12_14_2013	Esch_coli_EC-1639	NZ_LR025101.1	5059899	0.392	15710	0.037	0	3631	0.072	3557	97.962	74	2.039	1	0.028	803946	15.889	421074	8.322	24	613087
LS_12_14_2013	Esch_coli_EC-1639	NZ_LR025102.1	94720	0.153	34	0.000	0	868	0.916	866	99.770	2	0.230	0	0.000	2952	3.117	583	0.615	1	52091
LS_12_14_2013	Esch_coli_EC-1639	NZ_LR025103.1	31016	0.000	0	0.000	0	0	0.000	0	0.000	0	0.000	0	0.000	0	0.000	0	0.000	1	31016
LS_12_14_2013	Esch_coli_EC-1639	NZ_LR025104.1	21855	0.000	0	0.000	0	0	0.000	0	0.000	0	0.000	0	0.000	0	0.000	0	0.000	1	21855
LS_12_14_2013	Esch_coli_EC-1639	NZ_LR025105.1	63589	0.000	0	0.000	0	0	0.000	0	0.000	0	0.000	0	0.000	0	0.000	0	0.000	1	63589
LS_12_14_2013	Esch_coli_118UI	NZ_CP032515.1	5205677	0.405	85116	0.201	0	6192	0.119	6071	98.046	121	1.954	1	0.016	892823	17.151	567376	10.899	29	734720
LS_12_14_2013	Esch_coli_118UI	NZ_CP032517.1	4724	9.500	11872	0.011	47	592	12.532	533	90.034	59	9.966	0	0.000	379	8.023	2154	45.597	0	0
LS_12_14_2013	Esch_coli_118UI	NZ_CP032516.1	90328	0.029	65	0.000	0	85	0.094	82	96.471	3	3.529	0	0.000	1818	2.013	1296	1.435	0	0
LS_12_14_2013	Esch_coli_D5	NZ_CP010145.1	4817460	88.464	1792883	8.113	98	2304345	47.833	2302781	99.932	1557	0.068	305	0.013	2755928	57.207	487520	10.120	12	133394
LS_12_14_2013	Esch_coli_D5	NZ_CP010146.1	112874	0.099	652	0.001	0	650	0.576	615	94.615	35	5.385	0	0.000	2536	2.247	1017	0.901	1	59590
LS_12_14_2013	Esch_coli_D5	NZ_CP010147.1	88754	0.285	923	0.002	0	1790	2.017	1785	99.721	5	0.279	0	0.000	3388	3.817	3086	3.477	0	0
LS_12_14_2013	Esch_coli_2011C-3911	NZ_CP015240.1	4863599	15.473	29259	0.113	26	50302	1.034	49797	98.996	505	1.004	18	0.036	3364618	69.180	1440057	29.609	26	434723
LS_12_14_2013	Esch_coli_2011C-3911	NZ_CP015239.1	125977	0.051	17	0.000	0	218	0.173	213	97.706	5	2.294	0	0.000	3270	2.596	2466	1.958	0	0
LS_12_14_2013	Esch_coli_PA45B	NZ_CP021288.1	5074754	0.323	18267	0.032	0	10802	0.213	10671	98.787	131	1.213	1	0.009	574543	11.322	293426	5.782	21	597672
LS_12_14_2013	Esch_coli_PA45B	NZ_CP021289.1	147172	0.077	1912	0.003	0	493	0.335	483	97.972	10	2.028	0	0.000	2432	1.652	1263	0.858	0	0
LS_12_14_2013	Esch_coli_MSHS_133	NZ_CP041304.1	4946083	0.390	26201	0.042	0	8556	0.173	8381	97.955	175	2.046	1	0.012	740560	14.973	395241	7.991	24	502866
LS_12_14_2013	Esch_coli_MSHS_133	NZ_CP041303.1	157660	0.175	389	0.001	0	1873	1.188	1857	99.146	16	0.854	0	0.000	2829	1.794	1603	1.017	1	33435
LS_12_14_2013	Esch_coli_NCTC122	NZ_LT906474.1	4625968	1.371	12798	0.048	1	8085	0.175	7979	98.689	106	1.311	0	0.000	2218726	47.962	1453639	31.423	18	263845
LS_12_14_2013	Esch_coli_MVAST0167	NZ_CP014492.1	4806946	0.475	45112	0.078	0	87451	1.819	87306	99.834	145	0.166	2	0.002	559816	11.646	311068	6.471	6	107921
LS_12_14_2013	Esch_coli_MVAST0167	NZ_CP014493.1	128305	0.030	504	0.001	0	5	0.004	5	100.000	0	0.000	0	0.000	1870	1.457	1913	1.491	0	0
LS_12_14_2013	Esch_coli_MVAST0167	NZ_CP014494.1	78992	0.007	3	0.000	0	0	0.000	0	0.000	0	0.000	0	0.000	0	0.000	0	0.000	0	0
LS_12_14_2013	Esch_coli_Santai	NZ_CP007592.1	5104557	0.701	20451	0.035	0	8531	0.167	8448	99.027	83	0.973	0	0.000	1859851	36.435	1306609	25.597	29	584827
LS_12_14_2013	Esch_coli_AR_0061	NZ_CP020058.1	4595238	1.878	13644	0.052	2	8493	0.185	8396	98.858	97	1.142	0	0.000	2276402	49.538	1367857	29.767	19	241095
LS_12_14_2013	Esch_coli_AR_0061	NZ_CP020059.1	87982	0.170	9	0.000	0	200	0.227	200	100.000	0	0.000	0	0.000	3938	4.476	882	1.002	1	37721
LS_12_14_2013	Esch_coli_AR_0061	NZ_CP020060.1	50999	0.073	0	0.000	0	0	0.000	0	0.000	0	0.000	0	0.000	1317	2.582	362	0.710	0	0
LS_12_14_2013	TOTAL	-	50385128	10.830	2075821	8.770	0	2503162	4.968	2500026	99.875	3129	0.125	329	0.013	16073942	31.902	8060492	15.998	215	4513447
LS_2_17_2014	Esch_coli_EC-1639	NZ_LR025101.1	5059899	0.309	3309	0.012	0	9494	0.188	9336	98.336	158	1.664	0	0.000	521655	10.310	214139	4.232	30	900029
LS_2_17_2014	Esch_coli_EC-1639	NZ_LR025102.1	94720	0.299	893	0.003	0	260	0.274	258	99.231	2	0.769	0	0.000	23542	24.854	20895	22.060	0	0
LS_2_17_2014	Esch_coli_EC-1639	NZ_LR025103.1	31016	0.010	2	0.000	0	0	0.000	0	0.000	0	0.000	0	0.000	0	0.000	0	0.000	0	0
LS_2_17_2014	Esch_coli_EC-1639	NZ_LR025104.1	21855	0.024	4	0.000	0	0	0.000	0	0.000	0	0.000	0	0.000	0	0.000	0	0.000	0	0
LS_2_17_2014	Esch_coli_EC-1639	NZ_LR025105.1	63589	0.023	0	0.000	0	0	0.000	0	0.000	0	0.000	0	0.000	1050	1.651	786	1.236	0	0
LS_2_17_2014	Esch_coli_118UI	NZ_CP032515.1	5205677	0.329	5913	0.022	0	9401	0.181	9203	97.894	198	2.106	0	0.000	555673	10.674	240132	4.613	23	591781
LS_2_17_2014	Esch_coli_118UI	NZ_CP032517.1	4724	0.006	0	0.000	0	0	0.000	0	0.000	0	0.000	0	0.000	126	2.667	121	2.561	0	0
LS_2_17_2014	Esch_coli_118UI	NZ_CP032516.1	90328	0.413	129	0.001	0	3	0.003	3	100.000	0	0.000	0	0.000	36009	39.865	30779	34.075	0	0
LS_2_17_2014	Esch_coli_D5	NZ_CP010145.1	4817460	0.389	3750	0.027	0	23185	0.481	23015	99.267	170	0.733	0	0.000	460665	9.562	110136	2.286	20	406449
LS_2_17_2014	Esch_coli_D5	NZ_CP010146.1	112874	0.147	61	0.000	0	350	0.310	349	99.714	1	0.286	0	0.000	5059	4.482	1817	1.610	1	45633
LS_2_17_2014	Esch_coli_D5	NZ_CP010147.1	88754	0.208	157	0.001	0	117	0.132	116	99.145	1	0.855	0	0.000	12491	14.074	8814	9.931	0	0
LS_2_17_2014	Esch_coli_2011C-3911	NZ_CP015240.1	4863599	0.373	8678	0.053	0	28811	0.592	28526	99.011	285	0.989	0	0.000	408430	8.398	92492	1.902	23	497675
LS_2_17_2014	Esch_coli_2011C-3911	NZ_CP015239.1	125977	0.105	32	0.000	0	94	0.075	87	92.553	7	7.447	0	0.000	6305	5.005	3545	2.814	0	0
LS_2_17_2014	Esch_coli_PA45B	NZ_CP021288.1	5074754	1.642	14880	0.041	1	31562	0.622	31225	98.932	337	1.068	6	0.019	2271035	44.752	1210964	23.863	46	668846
LS_2_17_2014	Esch_coli_PA45B	NZ_CP021289.1	147172	0.407	1559	0.004	0	765	0.520	747	97.647	18	2.353	0	0.000	56218	38.199	51803	35.199	0	0
LS_2_17_2014	Esch_coli_MSHS_133	NZ_CP041304.1	4946083	0.529	11648	0.030	0	15964	0.323	15647	98.014	317	1.986	0	0.000	922756	18.656	459216	9.284	30	507786
LS_2_17_2014	Esch_coli_MSHS_133	NZ_CP041303.1	157660	0.218	285	0.001	0	202	0.128	194	96.040	8	3.960	0	0.000	16057	10.185	9806	6.220	1	43497
LS_2_17_2014	Esch_coli_NCTC122	NZ_LT906474.1	4625968	0.591	5374	0.032	0	127260	2.751	126960	99.764	300	0.236	5	0.004	558345	12.070	96621	2.089	12	204396
LS_2_17_2014	Esch_coli_MVAST0167	NZ_CP014492.1	4806946	47.256	1517819	4.165	47	4326737	90.010	4326510	99.995	224	0.005	403	0.009	894235	18.603	82070	1.707	0	0
LS_2_17_2014	Esch_coli_MVAST0167	NZ_CP014493.1	128305	80.966	52981	0.168	88	87482	68.183	87445	99.958	35	0.040	42	0.048	43703	34.062	1558	1.214	1	10142
LS_2_17_2014	Esch_coli_MVAST0167	NZ_CP014494.1	78992	0.053	147	0.000	0	284	0.360	282	99.296	2	0.704	0	0.000	1249	1.581	1415	1.791	0	0
LS_2_17_2014	Esch_coli_Santai	NZ_CP007592.1	5104557	0.302	4656	0.012	0	22668	0.444	22426	98.932	242	1.068	1	0.004	362294	7.097	76322	1.495	18	512377
LS_2_17_2014	Esch_coli_AR_0061	NZ_CP020058.1	4595238	0.657	7396	0.044	0	168278	3.662	168077	99.881	201	0.119	0	0.000	557080	12.123	77221	1.680	22	325800
LS_2_17_2014	Esch_coli_AR_0061	NZ_CP020059.1	87982	0.197	143	0.000	0	2585	2.938	2539	98.221	46	1.779	0	0.000	5422	6.163	4166	4.735	1	35619
LS_2_17_2014	Esch_coli_AR_0061	NZ_CP020060.1	50999	0.300	34	0.000	0	1091	2.139	1089	99.817	2	0.183	0	0.000	4936	9.679	2048	4.016	0	0
LS_2_17_2014	TOTAL	-	50385128	5.387	1639850	4.616	0	4856593	9.639	4854034	99.947	2554	0.053	457	0.009	7724335	15.331	2796866	5.551	228	4750030
LS_3_23_2014	Esch_coli_EC-1639	NZ_LR025101.1	5059899	0.296	5722	0.014	0	3578	0.071	3484	97.373	94	2.627	0	0.000	625707	12.366	326599	6.455	27	860775
LS_3_23_2014	Esch_coli_EC-1639	NZ_LR025102.1	94720	0.243	1605	0.004	0	81	0.086	80	98.765	1	1.235	0	0.000	23786	25.112	22166	23.402	0	0
LS_3_23_2014	Esch_coli_EC-1639	NZ_LR025103.1	31016	0.000	0	0.000	0	0	0.000	0	0.000	0	0.000	0	0.000	0	0.000	0	0.000	1	31016
LS_3_23_2014	Esch_coli_EC-1639	NZ_LR025104.1	21855	0.000	0	0.000	0	0	0.000	0	0.000	0	0.000	0	0.000	0	0.000	0	0.000	1	21855
LS_3_23_2014	Esch_coli_EC-1639	NZ_LR025105.1	63589	0.021	0	0.000	0	0	0.000	0	0.000	0	0.000	0	0.000	1167	1.835	911	1.433	0	0
LS_3_23_2014	Esch_coli_118UI	NZ_CP032515.1	5205677	0.304	9914	0.025	0	3700	0.071	3599	97.270	101	2.730	0	0.000	660062	12.680	351897	6.760	29	912029
LS_3_23_2014	Esch_coli_118UI	NZ_CP032517.1	4724	0.017	1	0.000	0	0	0.000	0	0.000	0	0.000	0	0.000	152	3.218	125	2.646	0	0
LS_3_23_2014	Esch_coli_118UI	NZ_CP032516.1	90328	0.275	239	0.001	0	0	0.000	0	0.000	0	0.000	0	0.000	36178	40.052	32968	36.498	0	0
LS_3_23_2014	Esch_coli_D5	NZ_CP010145.1	4817460	0.253	5103	0.025	0	2299	0.048	2261	98.347	38	1.653	0	0.000	437764	9.087	192257	3.991	25	770095
LS_3_23_2014	Esch_coli_D5	NZ_CP010146.1	112874	0.120	58	0.000	0	365	0.323	363	99.452	2	0.548	0	0.000	5203	4.610	2365	2.095	1	45336
LS_3_23_2014	Esch_coli_D5	NZ_CP010147.1	88754	0.238	287	0.001	0	119	0.134	116	97.479	3	2.521	0	0.000	13701	15.437	10228	11.524	1	24721
LS_3_23_2014	Esch_coli_2011C-3911	NZ_CP015240.1	4863599	0.246	14384	0.059	0	3665	0.075	3496	95.389	169	4.611	0	0.000	390078	8.020	168713	3.469	25	875123
LS_3_23_2014	Esch_coli_2011C-3911	NZ_CP015239.1	125977	0.173	55	0.000	0	80	0.064	80	100.000	0	0.000	0	0.000	8843	7.020	4026	3.196	0	0
LS_3_23_2014	Esch_coli_PA45B	NZ_CP021288.1	5074754	2.024	27187	0.051	2	30438	0.600	30110	98.922	328	1.078	3	0.010	2481169	48.892	1504619	29.649	52	728888
LS_3_23_2014	Esch_coli_PA45B	NZ_CP021289.1	147172	0.313	2754	0.005	0	406	0.276	400	98.522	6	1.478	0	0.000	57490	39.063	55303	37.577	0	0
LS_3_23_2014	Esch_coli_MSHS_133	NZ_CP041304.1	4946083	0.488	21407	0.037	0	9581	0.194	9376	97.860	205	2.140	1	0.010	1073299	21.700	675049	13.648	25	489450
LS_3_23_2014	Esch_coli_MSHS_133	NZ_CP041303.1	157660	0.225	470	0.001	0	116	0.074	114	98.276	2	1.724	0	0.000	17434	11.058	11267	7.146	1	36347
LS_3_23_2014	Esch_coli_NCTC122	NZ_LT906474.1	4625968	0.254	1024	0.004	0	1735	0.038	1721	99.193	14	0.807	0	0.000	417048	9.015	164887	3.564	32	954103
LS_3_23_2014	Esch_coli_MVAST0167	NZ_CP014492.1	4806946	88.484	2851435	5.296	89	4311891	89.701	4311659	99.995	232	0.005	303	0.007	893211	18.582	130263	2.710	0	0
LS_3_23_2014	Esch_coli_MVAST0167	NZ_CP014493.1	128305	150.040	97977	0.210	165	88638	69.084	88595	99.951	42	0.047	35	0.039	43134	33.618	1207	0.941	1	10447
LS_3_23_2014	Esch_coli_MVAST0167	NZ_CP014494.1	78992	0.040	252	0.000	0	405	0.513	402	99.259	3	0.741	0	0.000	1323	1.675	1768	2.238	0	0
LS_3_23_2014	Esch_coli_Santai	NZ_CP007592.1	5104557	0.250	6716	0.012	0	2337	0.046	2279	97.518	58	2.482	0	0.000	420788	8.243	154200	3.021	30	986610
LS_3_23_2014	Esch_coli_AR_0061	NZ_CP020058.1	4595238	0.251	1685	0.007	0	718	0.016	711	99.025	7	0.975	0	0.000	394657	8.588	145941	3.176	23	757167
LS_3_23_2014	Esch_coli_AR_0061	NZ_CP020059.1	87982	0.023	46	0.000	0	1	0.001	1	100.000	0	0.000	0	0.000	4862	5.526	4518	5.135	0	0
LS_3_23_2014	Esch_coli_AR_0061	NZ_CP020060.1	50999	0.136	0	0.000	0	0	0.000	0	0.000	0	0.000	0	0.000	3616	7.090	1753	3.437	0	0
LS_3_23_2014	TOTAL	-	50385128	9.716	3048321	5.753	0	4460153	8.852	4458847	99.971	1305	0.029	342	0.008	8010672	15.899	3963030	7.865	274	7503962
LS_5_4_2014	Esch_coli_EC-1639	NZ_LR025101.1	5059899	0.364	8854	0.026	0	8490	0.168	8376	98.657	114	1.343	2	0.024	740609	14.637	404535	7.995	24	580065
LS_5_4_2014	Esch_coli_EC-1639	NZ_LR025102.1	94720	0.283	2308	0.006	0	354	0.374	350	98.870	4	1.130	0	0.000	25543	26.967	23833	25.162	0	0
LS_5_4_2014	Esch_coli_EC-1639	NZ_LR025103.1	31016	0.018	4	0.000	0	0	0.000	0	0.000	0	0.000	0	0.000	0	0.000	0	0.000	0	0
LS_5_4_2014	Esch_coli_EC-1639	NZ_LR025104.1	21855	0.012	2	0.000	0	0	0.000	0	0.000	0	0.000	0	0.000	0	0.000	0	0.000	0	0
LS_5_4_2014	Esch_coli_EC-1639	NZ_LR025105.1	63589	0.018	0	0.000	0	0	0.000	0	0.000	0	0.000	0	0.000	1171	1.842	980	1.541	0	0
LS_5_4_2014	Esch_coli_118UI	NZ_CP032515.1	5205677	0.373	15574	0.047	0	13797	0.265	13656	98.978	141	1.022	1	0.007	787757	15.133	439917	8.451	19	500786
LS_5_4_2014	Esch_coli_118UI	NZ_CP032517.1	4724	0.139	7	0.000	0	8	0.169	8	100.000	0	0.000	0	0.000	126	2.667	123	2.604	0	0
LS_5_4_2014	Esch_coli_118UI	NZ_CP032516.1	90328	0.238	295	0.001	0	407	0.451	402	98.771	5	1.229	0	0.000	36638	40.561	34368	38.048	0	0
LS_5_4_2014	Esch_coli_D5	NZ_CP010145.1	4817460	0.308	7846	0.046	0	6627	0.138	6523	98.431	104	1.569	0	0.000	516474	10.721	250672	5.203	12	309511
LS_5_4_2014	Esch_coli_D5	NZ_CP010146.1	112874	0.156	106	0.000	0	404	0.358	403	99.752	1	0.248	0	0.000	6073	5.380	2942	2.606	0	0
LS_5_4_2014	Esch_coli_D5	NZ_CP010147.1	88754	0.289	410	0.001	0	833	0.939	830	99.640	3	0.360	0	0.000	15574	17.547	11388	12.831	1	24687
LS_5_4_2014	Esch_coli_2011C-3911	NZ_CP015240.1	4863599	0.278	21544	0.107	0	5765	0.119	5604	97.207	161	2.793	0	0.000	464647	9.554	226243	4.652	23	687560
LS_5_4_2014	Esch_coli_2011C-3911	NZ_CP015239.1	125977	0.316	222	0.000	0	2506	1.989	2445	97.566	61	2.437	3	0.120	10879	8.636	4947	3.927	1	22379
LS_5_4_2014	Esch_coli_PA45B	NZ_CP021288.1	5074754	2.486	41316	0.093	3	62615	1.234	62099	99.176	516	0.824	5	0.008	2627876	51.783	1660512	32.721	43	592590
LS_5_4_2014	Esch_coli_PA45B	NZ_CP021289.1	147172	0.847	4684	0.011	1	10356	7.037	10275	99.218	81	0.782	4	0.039	59497	40.427	56656	38.496	1	10570
LS_5_4_2014	Esch_coli_MSHS_133	NZ_CP041304.1	4946083	1.513	61010	0.127	1	856842	17.324	856282	99.935	560	0.065	24	0.003	1237555	25.021	729833	14.756	29	338987
LS_5_4_2014	Esch_coli_MSHS_133	NZ_CP041303.1	157660	0.385	856	0.002	0	3835	2.432	3788	98.774	47	1.226	0	0.000	21449	13.605	12455	7.900	1	36182
LS_5_4_2014	Esch_coli_NCTC122	NZ_LT906474.1	4625968	0.284	1549	0.007	0	3395	0.073	3356	98.851	39	1.149	0	0.000	489967	10.592	224305	4.849	26	716633
LS_5_4_2014	Esch_coli_MVAST0167	NZ_CP014492.1	4806946	130.819	4224287	9.433	133	4339020	90.266	4338768	99.994	249	0.006	267	0.006	901237	18.749	113067	2.352	1	7343
LS_5_4_2014	Esch_coli_MVAST0167	NZ_CP014493.1	128305	228.159	148910	0.384	251	88775	69.191	88733	99.953	39	0.044	40	0.045	43849	34.176	1400	1.091	1	7111
LS_5_4_2014	Esch_coli_MVAST0167	NZ_CP014494.1	78992	0.230	578	0.001	0	4371	5.533	4271	97.712	100	2.288	0	0.000	1348	1.707	1967	2.490	1	52336
LS_5_4_2014	Esch_coli_Santai	NZ_CP007592.1	5104557	0.295	10381	0.023	0	6436	0.126	6341	98.524	95	1.476	0	0.000	505471	9.902	215322	4.218	17	453772
LS_5_4_2014	Esch_coli_AR_0061	NZ_CP020058.1	4595238	0.298	2715	0.013	0	3222	0.070	3192	99.069	30	0.931	0	0.000	478345	10.410	201233	4.379	19	523922
LS_5_4_2014	Esch_coli_AR_0061	NZ_CP020059.1	87982	0.054	53	0.000	0	0	0.000	0	0.000	0	0.000	0	0.000	5503	6.255	4682	5.322	0	0
LS_5_4_2014	Esch_coli_AR_0061	NZ_CP020060.1	50999	0.158	1	0.000	0	0	0.000	0	0.000	0	0.000	0	0.000	3975	7.794	1788	3.506	0	0
LS_5_4_2014	TOTAL	-	50385128	14.604	4553512	10.329	0	5418058	10.753	5415702	99.957	2350	0.043	346	0.006	8981563	17.826	4623168	9.176	219	4864434
LS_6_16_2014	Esch_coli_EC-1639	NZ_LR025101.1	5059899	0.452	8510	0.022	0	37761	0.746	37549	99.439	212	0.561	0	0.000	730497	14.437	351289	6.943	21	420174
LS_6_16_2014	Esch_coli_EC-1639	NZ_LR025102.1	94720	0.321	1718	0.004	0	953	1.006	939	98.531	14	1.469	0	0.000	24477	25.841	22487	23.740	0	0
LS_6_16_2014	Esch_coli_EC-1639	NZ_LR025103.1	31016	0.058	17	0.000	0	97	0.313	97	100.000	0	0.000	0	0.000	0	0.000	0	0.000	0	0
LS_6_16_2014	Esch_coli_EC-1639	NZ_LR025104.1	21855	0.000	1	0.000	0	0	0.000	0	0.000	0	0.000	0	0.000	0	0.000	0	0.000	1	21855
LS_6_16_2014	Esch_coli_EC-1639	NZ_LR025105.1	63589	0.020	0	0.000	0	0	0.000	0	0.000	0	0.000	0	0.000	1155	1.816	924	1.453	0	0
LS_6_16_2014	Esch_coli_118UI	NZ_CP032515.1	5205677	0.571	17087	0.045	0	124750	2.396	124570	99.856	180	0.144	0	0.000	786487	15.108	387920	7.452	14	317500
LS_6_16_2014	Esch_coli_118UI	NZ_CP032517.1	4724	0.006	0	0.000	0	0	0.000	0	0.000	0	0.000	0	0.000	127	2.688	124	2.625	0	0
LS_6_16_2014	Esch_coli_118UI	NZ_CP032516.1	90328	0.285	200	0.001	0	215	0.238	211	98.140	4	1.860	0	0.000	36341	40.232	33062	36.602	1	20867
LS_6_16_2014	Esch_coli_D5	NZ_CP010145.1	4817460	0.279	5595	0.029	0	4600	0.095	4540	98.696	60	1.304	0	0.000	464239	9.637	206451	4.285	22	622059
LS_6_16_2014	Esch_coli_D5	NZ_CP010146.1	112874	0.118	83	0.000	0	105	0.093	105	100.000	0	0.000	0	0.000	5215	4.620	2610	2.312	1	45325
LS_6_16_2014	Esch_coli_D5	NZ_CP010147.1	88754	0.235	289	0.001	0	111	0.125	110	99.099	1	0.901	0	0.000	14075	15.858	10599	11.942	1	24702
LS_6_16_2014	Esch_coli_2011C-3911	NZ_CP015240.1	4863599	0.271	16295	0.071	0	6636	0.136	6455	97.272	181	2.728	0	0.000	416750	8.569	184195	3.787	22	645038
LS_6_16_2014	Esch_coli_2011C-3911	NZ_CP015239.1	125977	0.205	87	0.000	0	607	0.482	607	100.000	0	0.000	0	0.000	9021	7.161	3950	3.135	0	0
LS_6_16_2014	Esch_coli_PA45B	NZ_CP021288.1	5074754	1.996	30963	0.061	2	36640	0.722	36210	98.826	430	1.174	2	0.005	2523374	49.724	1597913	31.487	47	576044
LS_6_16_2014	Esch_coli_PA45B	NZ_CP021289.1	147172	0.388	3049	0.006	0	1209	0.821	1198	99.090	11	0.911	1	0.083	59290	40.286	55886	37.973	0	0
LS_6_16_2014	Esch_coli_MSHS_133	NZ_CP041304.1	4946083	0.508	24319	0.044	0	14020	0.283	13769	98.210	249	1.777	6	0.043	1121596	22.676	725085	14.660	21	378797
LS_6_16_2014	Esch_coli_MSHS_133	NZ_CP041303.1	157660	0.273	621	0.001	0	742	0.471	732	98.652	10	1.348	0	0.000	17890	11.347	11296	7.165	1	28505
LS_6_16_2014	Esch_coli_NCTC122	NZ_LT906474.1	4625968	0.277	1226	0.005	0	2525	0.055	2496	98.851	29	1.149	0	0.000	440981	9.533	180336	3.898	26	772051
LS_6_16_2014	Esch_coli_MVAST0167	NZ_CP014492.1	4806946	99.496	3212980	6.294	101	4317023	89.808	4316801	99.995	219	0.005	353	0.008	898289	18.687	124198	2.584	1	5782
LS_6_16_2014	Esch_coli_MVAST0167	NZ_CP014493.1	128305	162.886	106683	0.241	178	87994	68.582	87955	99.956	36	0.041	34	0.039	43193	33.664	1681	1.310	1	8705
LS_6_16_2014	Esch_coli_MVAST0167	NZ_CP014494.1	78992	0.068	290	0.000	0	347	0.439	337	97.118	10	2.882	0	0.000	1448	1.833	1687	2.136	0	0
LS_6_16_2014	Esch_coli_Santai	NZ_CP007592.1	5104557	0.270	7915	0.015	0	6914	0.135	6796	98.293	118	1.707	2	0.029	443602	8.690	172727	3.384	29	861224
LS_6_16_2014	Esch_coli_AR_0061	NZ_CP020058.1	4595238	0.284	2224	0.010	0	4705	0.102	4642	98.661	63	1.340	2	0.043	432711	9.417	161630	3.517	27	716563
LS_6_16_2014	Esch_coli_AR_0061	NZ_CP020059.1	87982	0.040	37	0.000	0	0	0.000	0	0.000	0	0.000	0	0.000	5229	5.943	4510	5.126	0	0
LS_6_16_2014	Esch_coli_AR_0061	NZ_CP020060.1	50999	0.144	0	0.000	0	0	0.000	0	0.000	0	0.000	0	0.000	3389	6.645	1762	3.455	0	0
LS_6_16_2014	TOTAL	-	50385128	10.989	3440189	6.851	0	4647954	9.225	4646119	99.961	1827	0.039	400	0.009	8479376	16.829	4242322	8.420	236	5465191
LS_8_22_2014	Esch_coli_EC-1639	NZ_LR025101.1	5059899	0.547	11213	0.024	0	43184	0.853	42548	98.527	636	1.473	0	0.000	796394	15.739	308984	6.107	34	645039
LS_8_22_2014	Esch_coli_EC-1639	NZ_LR025102.1	94720	0.392	354	0.001	0	853	0.901	803	94.138	50	5.862	0	0.000	27446	28.976	24020	25.359	0	0
LS_8_22_2014	Esch_coli_EC-1639	NZ_LR025103.1	31016	0.385	94	0.000	0	2158	6.958	2132	98.795	26	1.205	0	0.000	201	0.648	0	0.000	0	0
LS_8_22_2014	Esch_coli_EC-1639	NZ_LR025104.1	21855	0.147	22	0.000	0	104	0.476	95	91.346	9	8.654	0	0.000	201	0.920	0	0.000	0	0
LS_8_22_2014	Esch_coli_EC-1639	NZ_LR025105.1	63589	0.024	11	0.000	0	0	0.000	0	0.000	0	0.000	0	0.000	1515	2.382	1414	2.224	0	0
LS_8_22_2014	Esch_coli_118UI	NZ_CP032515.1	5205677	0.569	11719	0.025	0	46519	0.894	45652	98.136	867	1.864	1	0.002	883621	16.974	360341	6.922	38	722335
LS_8_22_2014	Esch_coli_118UI	NZ_CP032517.1	4724	0.131	5	0.000	0	0	0.000	0	0.000	0	0.000	0	0.000	0	0.000	0	0.000	0	0
LS_8_22_2014	Esch_coli_118UI	NZ_CP032516.1	90328	0.662	361	0.001	0	522	0.578	482	92.337	40	7.663	0	0.000	38469	42.588	31214	34.556	0	0
LS_8_22_2014	Esch_coli_D5	NZ_CP010145.1	4817460	2.653	39664	0.163	2	109331	2.269	108120	98.892	1211	1.108	26	0.024	2229539	46.280	890064	18.476	22	222421
LS_8_22_2014	Esch_coli_D5	NZ_CP010146.1	112874	0.220	547	0.001	0	1662	1.472	1534	92.298	128	7.702	0	0.000	11477	10.168	8809	7.804	1	40027
LS_8_22_2014	Esch_coli_D5	NZ_CP010147.1	88754	0.301	206	0.000	0	546	0.615	495	90.659	51	9.341	0	0.000	13679	15.412	9658	10.882	0	0
LS_8_22_2014	Esch_coli_2011C-3911	NZ_CP015240.1	4863599	2.579	50249	0.176	2	129943	2.672	128075	98.562	1865	1.436	34	0.026	2173555	44.690	907798	18.665	28	325863
LS_8_22_2014	Esch_coli_2011C-3911	NZ_CP015239.1	125977	0.120	232	0.000	0	374	0.297	350	93.583	24	6.417	0	0.000	5814	4.615	3955	3.139	0	0
LS_8_22_2014	Esch_coli_PA45B	NZ_CP021288.1	5074754	1.238	11211	0.018	0	65328	1.287	64377	98.544	951	1.456	8	0.012	1762696	34.735	606133	11.944	35	547929
LS_8_22_2014	Esch_coli_PA45B	NZ_CP021289.1	147172	0.632	704	0.001	0	1366	0.928	1352	98.975	14	1.025	0	0.000	54424	36.980	43983	29.885	0	0
LS_8_22_2014	Esch_coli_MSHS_133	NZ_CP041304.1	4946083	0.741	16884	0.025	0	71094	1.437	70082	98.577	1011	1.422	8	0.011	962624	19.462	339045	6.855	31	421158
LS_8_22_2014	Esch_coli_MSHS_133	NZ_CP041303.1	157660	0.259	583	0.001	0	1292	0.819	1230	95.201	62	4.799	0	0.000	15364	9.745	10374	6.580	1	40255
LS_8_22_2014	Esch_coli_NCTC122	NZ_LT906474.1	4625968	9.671	207282	0.699	11	497574	10.756	494747	99.432	2827	0.568	71	0.014	2593790	56.070	874008	18.894	16	127599
LS_8_22_2014	Esch_coli_MVAST0167	NZ_CP014492.1	4806946	12.886	397398	0.627	12	4229893	87.995	4229648	99.994	243	0.006	1934	0.046	960747	19.987	42333	0.881	0	0
LS_8_22_2014	Esch_coli_MVAST0167	NZ_CP014493.1	128305	21.576	13885	0.025	23	84769	66.068	84731	99.955	36	0.043	90	0.106	44975	35.053	2252	1.755	0	0
LS_8_22_2014	Esch_coli_MVAST0167	NZ_CP014494.1	78992	0.082	272	0.000	0	726	0.919	708	97.521	18	2.483	1	0.138	1634	2.069	1991	2.521	0	0
LS_8_22_2014	Esch_coli_Santai	NZ_CP007592.1	5104557	0.950	50342	0.077	0	85366	1.672	83943	98.333	1423	1.667	0	0.000	1438588	28.182	881538	17.270	42	570313
LS_8_22_2014	Esch_coli_AR_0061	NZ_CP020058.1	4595238	14.255	291083	1.003	16	939272	20.440	936113	99.664	3157	0.336	90	0.010	2519776	54.835	649923	14.143	15	148348
LS_8_22_2014	Esch_coli_AR_0061	NZ_CP020059.1	87982	0.149	4317	0.004	0	603	0.685	570	94.527	33	5.473	0	0.000	5877	6.680	14884	16.917	0	0
LS_8_22_2014	Esch_coli_AR_0061	NZ_CP020060.1	50999	0.264	2121	0.004	0	248	0.486	237	95.565	11	4.435	0	0.000	9779	19.175	9470	18.569	0	0
LS_8_22_2014	TOTAL	-	50385128	4.415	1110759	2.875	1	6312727	12.529	6298024	99.767	14693	0.233	2263	0.036	16552185	32.851	6022191	11.952	263	3811287
LS_8_25_2014	Esch_coli_EC-1639	NZ_LR025101.1	5059899	0.594	23166	0.043	0	35410	0.700	34690	97.967	720	2.033	0	0.000	945074	18.678	434491	8.587	25	486374
LS_8_25_2014	Esch_coli_EC-1639	NZ_LR025102.1	94720	0.976	738	0.001	0	1322	1.396	1283	97.050	39	2.952	1	0.076	32707	34.530	17520	18.497	2	17829
LS_8_25_2014	Esch_coli_EC-1639	NZ_LR025103.1	31016	1.894	477	0.000	1	14148	45.615	13858	97.950	290	2.050	0	0.000	5	0.016	0	0.000	0	0
LS_8_25_2014	Esch_coli_EC-1639	NZ_LR025104.1	21855	0.430	82	0.000	0	1956	8.950	1886	96.421	70	3.579	0	0.000	227	1.039	25	0.114	0	0
LS_8_25_2014	Esch_coli_EC-1639	NZ_LR025105.1	63589	0.028	13	0.000	0	104	0.164	104	100.000	0	0.000	0	0.000	1518	2.387	1443	2.269	0	0
LS_8_25_2014	Esch_coli_118UI	NZ_CP032515.1	5205677	0.635	23622	0.045	0	49910	0.959	49000	98.177	910	1.823	1	0.002	1019699	19.588	492541	9.462	18	317169
LS_8_25_2014	Esch_coli_118UI	NZ_CP032517.1	4724	1.162	53	0.000	0	1409	29.826	1376	97.658	33	2.342	0	0.000	0	0.000	3	0.064	0	0
LS_8_25_2014	Esch_coli_118UI	NZ_CP032516.1	90328	2.030	763	0.002	1	1705	1.888	1646	96.540	59	3.460	0	0.000	39974	44.254	10387	11.499	2	16442
LS_8_25_2014	Esch_coli_D5	NZ_CP010145.1	4817460	3.180	87535	0.319	3	168173	3.491	167144	99.388	1029	0.612	106	0.063	2569474	53.337	1402518	29.113	12	119308
LS_8_25_2014	Esch_coli_D5	NZ_CP010146.1	112874	0.289	1150	0.001	0	1293	1.146	1211	93.658	82	6.342	0	0.000	14698	13.022	10296	9.122	1	40019
LS_8_25_2014	Esch_coli_D5	NZ_CP010147.1	88754	0.631	490	0.001	0	2508	2.826	2266	90.351	242	9.649	0	0.000	15504	17.469	7008	7.896	1	14126
LS_8_25_2014	Esch_coli_2011C-3911	NZ_CP015240.1	4863599	2.981	102924	0.320	3	95117	1.956	93547	98.349	1569	1.650	29	0.030	2508393	51.575	1435941	29.524	24	272929
LS_8_25_2014	Esch_coli_2011C-3911	NZ_CP015239.1	125977	0.184	519	0.000	0	410	0.325	393	95.854	17	4.146	0	0.000	6642	5.272	3424	2.718	0	0
LS_8_25_2014	Esch_coli_PA45B	NZ_CP021288.1	5074754	0.957	22999	0.033	0	155805	3.070	154649	99.258	1156	0.742	22	0.014	1114558	21.963	289223	5.699	23	417847
LS_8_25_2014	Esch_coli_PA45B	NZ_CP021289.1	147172	1.123	792	0.001	0	4039	2.744	4002	99.084	37	0.916	0	0.000	44693	30.368	19955	13.559	3	39944
LS_8_25_2014	Esch_coli_MSHS_133	NZ_CP041304.1	4946083	0.713	34695	0.045	0	88048	1.780	86918	98.717	1130	1.284	27	0.031	923817	18.678	434458	8.784	13	197062
LS_8_25_2014	Esch_coli_MSHS_133	NZ_CP041303.1	157660	0.358	1092	0.001	0	1758	1.115	1613	91.752	145	8.248	0	0.000	15784	10.011	7086	4.494	0	0
LS_8_25_2014	Esch_coli_NCTC122	NZ_LT906474.1	4625968	15.718	440913	1.319	24	399893	8.645	396391	99.124	3499	0.875	115	0.029	2773338	59.952	1284628	27.770	13	118459
LS_8_25_2014	Esch_coli_MVAST0167	NZ_CP014492.1	4806946	3.231	91970	0.129	3	2526106	52.551	2525334	99.969	770	0.030	1117	0.044	1014968	21.115	131498	2.736	0	0
LS_8_25_2014	Esch_coli_MVAST0167	NZ_CP014493.1	128305	5.152	3658	0.006	5	69590	54.238	69519	99.898	71	0.102	48	0.069	48042	37.444	6103	4.757	0	0
LS_8_25_2014	Esch_coli_MVAST0167	NZ_CP014494.1	78992	0.094	466	0.000	0	925	1.171	888	96.000	37	4.000	0	0.000	1106	1.400	1197	1.515	0	0
LS_8_25_2014	Esch_coli_Santai	NZ_CP007592.1	5104557	1.346	106166	0.144	1	93238	1.827	91442	98.074	1794	1.924	15	0.016	1753176	34.345	1127524	22.089	46	486095
LS_8_25_2014	Esch_coli_AR_0061	NZ_CP020058.1	4595238	24.399	618132	1.892	35	715956	15.580	712395	99.503	3557	0.497	138	0.019	2655864	57.796	1088300	23.683	13	106919
LS_8_25_2014	Esch_coli_AR_0061	NZ_CP020059.1	87982	0.137	9292	0.008	0	362	0.411	334	92.265	28	7.756	1	0.276	6789	7.716	15722	17.870	0	0
LS_8_25_2014	Esch_coli_AR_0061	NZ_CP020060.1	50999	0.433	4299	0.008	0	179	0.351	173	96.648	6	3.352	0	0.000	11861	23.257	9960	19.530	0	0
LS_8_25_2014	TOTAL	-	50385128	4.613	1576006	4.320	1	4429364	8.791	4412062	99.609	17290	0.390	1620	0.037	17517911	34.768	8231251	16.337	196	2650522
LS_9_28_2014	Esch_coli_EC-1639	NZ_LR025101.1	5059899	0.389	21042	0.053	0	9725	0.192	9400	96.658	325	3.343	4	0.041	645293	12.753	281264	5.559	28	712068
LS_9_28_2014	Esch_coli_EC-1639	NZ_LR025102.1	94720	0.230	3107	0.007	0	508	0.536	494	97.244	14	2.756	0	0.000	13442	14.191	13137	13.869	1	34585
LS_9_28_2014	Esch_coli_EC-1639	NZ_LR025103.1	31016	0.080	22	0.000	0	0	0.000	0	0.000	0	0.000	0	0.000	0	0.000	0	0.000	0	0
LS_9_28_2014	Esch_coli_EC-1639	NZ_LR025104.1	21855	0.012	2	0.000	0	28	0.128	28	100.000	0	0.000	0	0.000	0	0.000	0	0.000	0	0
LS_9_28_2014	Esch_coli_EC-1639	NZ_LR025105.1	63589	0.000	0	0.000	0	0	0.000	0	0.000	0	0.000	0	0.000	0	0.000	0	0.000	1	63589
LS_9_28_2014	Esch_coli_118UI	NZ_CP032515.1	5205677	0.411	15317	0.039	0	7641	0.147	7461	97.644	180	2.357	3	0.039	739368	14.203	341145	6.553	25	650005
LS_9_28_2014	Esch_coli_118UI	NZ_CP032517.1	4724	0.000	0	0.000	0	0	0.000	0	0.000	0	0.000	0	0.000	0	0.000	0	0.000	0	0
LS_9_28_2014	Esch_coli_118UI	NZ_CP032516.1	90328	0.151	624	0.002	0	82	0.091	78	95.122	4	4.878	0	0.000	4267	4.724	3606	3.992	0	0
LS_9_28_2014	Esch_coli_D5	NZ_CP010145.1	4817460	14.790	82415	0.406	21	93950	1.950	93054	99.046	896	0.955	98	0.104	3345755	69.451	1203859	24.989	25	318341
LS_9_28_2014	Esch_coli_D5	NZ_CP010146.1	112874	0.143	712	0.001	0	403	0.357	402	99.752	1	0.248	0	0.000	5596	4.958	3000	2.658	1	39868
LS_9_28_2014	Esch_coli_D5	NZ_CP010147.1	88754	0.273	1690	0.005	0	303	0.341	296	97.690	7	2.310	0	0.000	10812	12.182	10253	11.552	0	0
LS_9_28_2014	Esch_coli_2011C-3911	NZ_CP015240.1	4863599	55.536	1185644	4.991	63	2110919	43.402	2109531	99.934	1386	0.066	167	0.008	2659749	54.687	532862	10.956	17	315356
LS_9_28_2014	Esch_coli_2011C-3911	NZ_CP015239.1	125977	0.217	21003	0.027	0	820	0.651	770	93.902	50	6.098	0	0.000	19563	15.529	38496	30.558	1	32804
LS_9_28_2014	Esch_coli_PA45B	NZ_CP021288.1	5074754	0.276	10522	0.020	0	7158	0.141	6844	95.613	313	4.378	8	0.112	430175	8.477	167809	3.307	20	635288
LS_9_28_2014	Esch_coli_PA45B	NZ_CP021289.1	147172	0.417	5121	0.010	0	1440	0.978	1349	93.681	91	6.319	0	0.000	27643	18.783	28890	19.630	2	34042
LS_9_28_2014	Esch_coli_MSHS_133	NZ_CP041304.1	4946083	0.394	18551	0.033	0	12340	0.249	11993	97.188	347	2.812	1	0.008	643159	13.003	295355	5.971	25	525136
LS_9_28_2014	Esch_coli_MSHS_133	NZ_CP041303.1	157660	0.260	21279	0.039	0	853	0.541	808	94.725	45	5.275	0	0.000	24135	15.308	44580	28.276	2	54555
LS_9_28_2014	Esch_coli_NCTC122	NZ_LT906474.1	4625968	1.502	19756	0.080	1	15385	0.333	15128	98.330	257	1.671	3	0.019	2167394	46.853	1337132	28.905	23	230131
LS_9_28_2014	Esch_coli_MVAST0167	NZ_CP014492.1	4806946	0.360	8533	0.016	0	31930	0.664	31737	99.396	193	0.604	1	0.003	411176	8.554	155921	3.244	4	76484
LS_9_28_2014	Esch_coli_MVAST0167	NZ_CP014493.1	128305	0.624	12931	0.028	0	1797	1.401	1754	97.607	43	2.393	0	0.000	30487	23.761	35808	27.908	1	17728
LS_9_28_2014	Esch_coli_MVAST0167	NZ_CP014494.1	78992	111.435	86272	0.091	160	47002	59.502	45869	97.589	1129	2.404	47	0.100	927	1.174	7433	9.410	2	18982
LS_9_28_2014	Esch_coli_Santai	NZ_CP007592.1	5104557	0.719	22604	0.042	0	11381	0.223	11180	98.234	201	1.766	1	0.009	1737795	34.044	1171401	22.948	31	631723
LS_9_28_2014	Esch_coli_AR_0061	NZ_CP020058.1	4595238	1.567	19604	0.081	1	17168	0.374	16924	98.579	244	1.421	0	0.000	2215063	48.203	1361090	29.620	23	234278
LS_9_28_2014	Esch_coli_AR_0061	NZ_CP020059.1	87982	0.120	8	0.000	0	98	0.111	98	100.000	0	0.000	0	0.000	2625	2.984	0	0.000	1	58469
LS_9_28_2014	Esch_coli_AR_0061	NZ_CP020060.1	50999	0.139	1	0.000	0	0	0.000	0	0.000	0	0.000	0	0.000	5087	9.975	3792	7.435	0	0
LS_9_28_2014	TOTAL	-	50385128	7.468	1556760	5.971	0	2370931	4.706	2365198	99.758	5726	0.242	333	0.014	15139511	30.048	7036833	13.966	233	4683432
LS_11_16_2014	Esch_coli_EC-1639	NZ_LR025101.1	5059899	0.443	22555	0.040	0	11043	0.218	10754	97.383	289	2.618	5	0.045	725081	14.330	301768	5.964	23	465570
LS_11_16_2014	Esch_coli_EC-1639	NZ_LR025102.1	94720	0.921	3419	0.006	0	1466	1.548	1452	99.045	14	0.955	0	0.000	25489	26.910	14261	15.056	3	35793
LS_11_16_2014	Esch_coli_EC-1639	NZ_LR025103.1	31016	0.183	47	0.000	0	547	1.764	537	98.172	10	1.828	0	0.000	0	0.000	0	0.000	0	0
LS_11_16_2014	Esch_coli_EC-1639	NZ_LR025104.1	21855	0.059	10	0.000	0	249	1.139	233	93.574	16	6.426	0	0.000	0	0.000	0	0.000	0	0
LS_11_16_2014	Esch_coli_EC-1639	NZ_LR025105.1	63589	0.005	0	0.000	0	0	0.000	0	0.000	0	0.000	0	0.000	0	0.000	0	0.000	0	0
LS_11_16_2014	Esch_coli_118UI	NZ_CP032515.1	5205677	0.473	17025	0.031	0	12997	0.250	12757	98.153	240	1.847	0	0.000	828284	15.911	365290	7.017	19	387043
LS_11_16_2014	Esch_coli_118UI	NZ_CP032517.1	4724	0.000	0	0.000	0	0	0.000	0	0.000	0	0.000	0	0.000	0	0.000	0	0.000	0	0
LS_11_16_2014	Esch_coli_118UI	NZ_CP032516.1	90328	1.029	797	0.002	0	503	0.557	496	98.608	7	1.392	0	0.000	22980	25.441	5147	5.698	4	39860
LS_11_16_2014	Esch_coli_D5	NZ_CP010145.1	4817460	15.685	89888	0.312	23	92860	1.928	91957	99.028	903	0.974	120	0.129	3377214	70.104	1246277	25.870	21	241221
LS_11_16_2014	Esch_coli_D5	NZ_CP010146.1	112874	0.191	677	0.001	0	794	0.703	790	99.496	4	0.504	0	0.000	5671	5.024	3472	3.076	0	0
LS_11_16_2014	Esch_coli_D5	NZ_CP010147.1	88754	0.430	1992	0.004	0	155	0.175	148	95.484	7	4.516	0	0.000	14652	16.509	11049	12.449	1	16441
LS_11_16_2014	Esch_coli_2011C-3911	NZ_CP015240.1	4863599	60.350	1288972	3.824	69	2111046	43.405	2109455	99.925	1588	0.075	162	0.008	2661410	54.721	551392	11.337	19	245708
LS_11_16_2014	Esch_coli_2011C-3911	NZ_CP015239.1	125977	0.222	23745	0.022	0	957	0.760	897	93.730	60	6.270	0	0.000	20049	15.915	39419	31.291	1	28079
LS_11_16_2014	Esch_coli_PA45B	NZ_CP021288.1	5074754	0.542	11930	0.016	0	22402	0.441	22084	98.580	318	1.420	4	0.018	758140	14.939	185895	3.663	28	513907
LS_11_16_2014	Esch_coli_PA45B	NZ_CP021289.1	147172	1.228	5774	0.008	0	2591	1.761	2516	97.105	75	2.896	1	0.039	50844	34.547	31128	21.151	2	22786
LS_11_16_2014	Esch_coli_MSHS_133	NZ_CP041304.1	4946083	0.479	20236	0.025	0	23071	0.466	22635	98.110	436	1.890	1	0.004	743722	15.037	317958	6.428	17	307312
LS_11_16_2014	Esch_coli_MSHS_133	NZ_CP041303.1	157660	0.294	24127	0.031	0	964	0.611	908	94.191	56	5.809	0	0.000	25772	16.347	45518	28.871	1	32415
LS_11_16_2014	Esch_coli_NCTC122	NZ_LT906474.1	4625968	1.496	21406	0.061	1	15356	0.332	15102	98.346	254	1.654	0	0.000	2201018	47.580	1386502	29.972	18	214452
LS_11_16_2014	Esch_coli_MVAST0167	NZ_CP014492.1	4806946	2.208	61786	0.083	2	1873190	38.968	1872870	99.983	320	0.017	263	0.014	749788	15.598	95414	1.985	0	0
LS_11_16_2014	Esch_coli_MVAST0167	NZ_CP014493.1	128305	4.251	15700	0.024	5	42740	33.311	42681	99.862	59	0.139	164	0.384	52372	40.818	29813	23.236	1	9001
LS_11_16_2014	Esch_coli_MVAST0167	NZ_CP014494.1	78992	119.875	89582	0.066	169	48208	61.029	47072	97.644	1133	2.353	51	0.106	805	1.019	6222	7.877	2	18986
LS_11_16_2014	Esch_coli_Santai	NZ_CP007592.1	5104557	0.735	24997	0.032	0	15485	0.303	15091	97.456	394	2.545	1	0.006	1768336	34.642	1207058	23.647	27	446567
LS_11_16_2014	Esch_coli_AR_0061	NZ_CP020058.1	4595238	2.086	21599	0.063	2	21755	0.473	21375	98.253	380	1.747	0	0.000	2246277	48.883	1243775	27.067	16	173376
LS_11_16_2014	Esch_coli_AR_0061	NZ_CP020059.1	87982	0.176	3	0.000	0	0	0.000	0	0.000	0	0.000	0	0.000	3422	3.889	123	0.140	2	70840
LS_11_16_2014	Esch_coli_AR_0061	NZ_CP020060.1	50999	0.205	0	0.000	0	0	0.000	0	0.000	0	0.000	0	0.000	6137	12.034	4055	7.951	0	0
LS_11_16_2014	TOTAL	-	50385128	8.320	1746267	4.651	1	4298379	8.531	4291810	99.847	6563	0.153	772	0.018	16287463	32.326	7091536	14.075	205	3269357
LS_12_7_2014	Esch_coli_EC-1639	NZ_LR025101.1	5059899	1.376	15782	0.043	1	426969	8.438	425232	99.593	1736	0.407	63	0.015	1310514	25.900	116604	2.304	52	581450
LS_12_7_2014	Esch_coli_EC-1639	NZ_LR025102.1	94720	0.411	579	0.001	0	2459	2.596	2431	98.861	28	1.139	0	0.000	20954	22.122	19876	20.984	0	0
LS_12_7_2014	Esch_coli_EC-1639	NZ_LR025103.1	31016	0.411	104	0.000	0	2819	9.089	2783	98.723	36	1.277	0	0.000	0	0.000	0	0.000	0	0
LS_12_7_2014	Esch_coli_EC-1639	NZ_LR025104.1	21855	0.112	19	0.000	0	465	2.128	439	94.409	26	5.591	0	0.000	0	0.000	0	0.000	0	0
LS_12_7_2014	Esch_coli_EC-1639	NZ_LR025105.1	63589	0.064	0	0.000	0	0	0.000	0	0.000	0	0.000	0	0.000	995	1.565	233	0.366	0	0
LS_12_7_2014	Esch_coli_118UI	NZ_CP032515.1	5205677	2.224	48590	0.134	2	1408237	27.052	1406663	99.888	1574	0.112	11	0.001	1343146	25.802	109030	2.094	25	340445
LS_12_7_2014	Esch_coli_118UI	NZ_CP032517.1	4724	0.131	0	0.000	0	0	0.000	0	0.000	0	0.000	0	0.000	126	2.667	0	0.000	0	0
LS_12_7_2014	Esch_coli_118UI	NZ_CP032516.1	90328	0.593	132	0.000	0	709	0.785	691	97.461	18	2.539	0	0.000	33530	37.120	26902	29.783	1	14447
LS_12_7_2014	Esch_coli_D5	NZ_CP010145.1	4817460	0.292	2306	0.012	0	25338	0.526	25013	98.717	325	1.283	0	0.000	317401	6.589	62200	1.291	24	642583
LS_12_7_2014	Esch_coli_D5	NZ_CP010146.1	112874	0.135	39	0.000	0	847	0.750	843	99.528	4	0.472	0	0.000	3574	3.166	1263	1.119	1	41214
LS_12_7_2014	Esch_coli_D5	NZ_CP010147.1	88754	0.295	113	0.000	0	1116	1.257	1091	97.760	25	2.240	0	0.000	11691	13.172	8155	9.188	1	29588
LS_12_7_2014	Esch_coli_2011C-3911	NZ_CP015240.1	4863599	0.314	5972	0.027	0	44722	0.920	44148	98.717	574	1.284	14	0.031	269115	5.533	49863	1.025	8	206141
LS_12_7_2014	Esch_coli_2011C-3911	NZ_CP015239.1	125977	0.347	316	0.000	0	4268	3.388	4219	98.852	49	1.148	0	0.000	6560	5.207	4112	3.264	1	37994
LS_12_7_2014	Esch_coli_PA45B	NZ_CP021288.1	5074754	1.724	9667	0.020	1	98974	1.950	97712	98.725	1262	1.275	15	0.015	1937510	38.179	596233	11.749	45	523509
LS_12_7_2014	Esch_coli_PA45B	NZ_CP021289.1	147172	0.891	1141	0.002	0	7839	5.326	7694	98.150	145	1.850	1	0.013	54765	37.212	45937	31.213	1	10561
LS_12_7_2014	Esch_coli_MSHS_133	NZ_CP041304.1	4946083	0.710	9602	0.018	0	126244	2.552	124962	98.985	1282	1.016	27	0.021	852505	17.236	246558	4.985	28	396302
LS_12_7_2014	Esch_coli_MSHS_133	NZ_CP041303.1	157660	0.483	550	0.001	0	6049	3.837	5973	98.744	76	1.256	0	0.000	16234	10.297	10054	6.377	2	49029
LS_12_7_2014	Esch_coli_NCTC122	NZ_LT906474.1	4625968	0.268	1297	0.006	0	22468	0.486	22208	98.843	260	1.157	0	0.000	290158	6.272	44418	0.960	25	737478
LS_12_7_2014	Esch_coli_MVAST0167	NZ_CP014492.1	4806946	22.070	701328	1.422	22	4305459	89.567	4305236	99.995	221	0.005	821	0.019	900120	18.725	44680	0.929	0	0
LS_12_7_2014	Esch_coli_MVAST0167	NZ_CP014493.1	128305	37.003	24229	0.057	40	87250	68.002	87215	99.960	34	0.039	107	0.123	43417	33.839	430	0.335	0	0
LS_12_7_2014	Esch_coli_MVAST0167	NZ_CP014494.1	78992	0.166	152	0.000	0	1341	1.698	1317	98.210	24	1.790	0	0.000	964	1.220	1012	1.281	0	0
LS_12_7_2014	Esch_coli_Santai	NZ_CP007592.1	5104557	0.279	3909	0.008	0	57788	1.132	56921	98.500	867	1.501	20	0.035	281093	5.507	37523	0.735	31	923791
LS_12_7_2014	Esch_coli_AR_0061	NZ_CP020058.1	4595238	0.272	2203	0.010	0	37337	0.813	36695	98.281	642	1.721	25	0.067	264969	5.766	38487	0.838	25	669820
LS_12_7_2014	Esch_coli_AR_0061	NZ_CP020059.1	87982	0.073	47	0.000	0	0	0.000	0	0.000	0	0.000	0	0.000	5431	6.173	3958	4.499	0	0
LS_12_7_2014	Esch_coli_AR_0061	NZ_CP020060.1	50999	0.109	1	0.000	0	0	0.000	0	0.000	0	0.000	0	0.000	2191	4.296	1268	2.486	0	0
LS_12_7_2014	TOTAL	-	50385128	2.988	828078	1.762	0	6668698	13.235	6659486	99.862	9208	0.138	1104	0.017	7966963	15.812	1468796	2.915	270	5204352
