sample	ref	name	length	coverage	uReads	abundance	median	callable	callablePct	confirmed	confirmedPct	snps	snpPct	multi	multiPct	lowmq	lowmqPct	high	highPct	gapCount	gapLength
LS_12_28_2011	Esch_coli_EC-1639	NZ_LR025101.1	5059899	0.304	8943	0.036	0	2480	0.049	2411	97.218	69	2.783	1	0.040	579884	11.460	288491	5.702	24	682571
LS_12_28_2011	Esch_coli_118UI	NZ_CP032515.1	5205677	0.302	8018	0.033	0	2589	0.050	2534	97.876	55	2.124	0	0.000	593249	11.396	293825	5.644	22	633308
LS_12_28_2011	Esch_coli_D5	NZ_CP010145.1	4817460	0.256	312	0.002	0	948	0.020	941	99.262	7	0.738	0	0.000	415866	8.632	148020	3.073	18	633665
LS_12_28_2011	Esch_coli_2011C-3911	NZ_CP015240.1	4863599	0.242	2667	0.018	0	1896	0.039	1789	94.357	107	5.643	0	0.000	378151	7.775	128650	2.645	23	692448
LS_12_28_2011	Esch_coli_PA45B	NZ_CP021288.1	5074754	84.659	2825641	8.664	86	4499447	88.663	4499039	99.991	407	0.009	130	0.003	1002794	19.760	106953	2.108	3	62573
LS_12_28_2011	Esch_coli_MSHS_133	NZ_CP041304.1	4946083	0.495	5472	0.015	0	3872	0.078	3831	98.941	41	1.059	0	0.000	1268739	25.651	841336	17.010	26	543396
LS_12_28_2011	Esch_coli_NCTC122	NZ_LT906474.1	4625968	0.248	547	0.004	0	886	0.019	879	99.210	7	0.790	0	0.000	382078	8.259	133299	2.882	21	707831
LS_12_28_2011	Esch_coli_MVAST0167	NZ_CP014492.1	4806946	2.155	8636	0.026	2	12975	0.270	12928	99.638	47	0.362	0	0.000	2487007	51.738	1445135	30.063	39	468766
LS_12_28_2011	Esch_coli_Santai	NZ_CP007592.1	5104557	0.258	524	0.002	0	1599	0.031	1594	99.687	5	0.313	0	0.000	427334	8.372	146625	2.872	24	712738
LS_12_28_2011	Esch_coli_AR_0061	NZ_CP020058.1	4595238	0.254	277	0.002	0	1907	0.041	1880	98.584	27	1.416	0	0.000	378072	8.227	123343	2.684	23	662655
LS_4_3_2012	Esch_coli_EC-1639	NZ_LR025101.1	5059899	1.436	243363	0.745	1	198678	3.927	197100	99.206	1578	0.794	55	0.028	1853568	36.633	1407566	27.818	4	52774
LS_4_3_2012	Esch_coli_118UI	NZ_CP032515.1	5205677	1.253	294761	0.917	1	73492	1.412	71630	97.466	1862	2.534	6	0.008	1934502	37.161	1497929	28.775	18	293430
LS_4_3_2012	Esch_coli_D5	NZ_CP010145.1	4817460	5.506	261502	1.559	9	137222	2.848	134545	98.049	2674	1.949	21	0.015	2708408	56.221	1558640	32.354	34	378337
LS_4_3_2012	Esch_coli_2011C-3911	NZ_CP015240.1	4863599	6.014	361529	1.841	10	180580	3.713	176582	97.786	3991	2.211	95	0.053	2689725	55.303	1605807	33.017	40	433639
LS_4_3_2012	Esch_coli_PA45B	NZ_CP021288.1	5074754	0.587	162578	0.377	0	43314	0.854	42295	97.647	1018	2.350	2	0.005	1239368	24.422	992737	19.562	22	418842
LS_4_3_2012	Esch_coli_MSHS_133	NZ_CP041304.1	4946083	0.690	324697	0.693	0	51419	1.040	50023	97.285	1396	2.715	3	0.006	1468773	29.696	1419147	28.692	20	304081
LS_4_3_2012	Esch_coli_NCTC122	NZ_LT906474.1	4625968	7.628	446668	2.188	13	220166	4.759	216022	98.118	4138	1.880	41	0.019	2595797	56.114	1505322	32.541	32	360624
LS_4_3_2012	Esch_coli_MVAST0167	NZ_CP014492.1	4806946	0.590	102160	0.234	0	44498	0.926	43484	97.721	1014	2.279	1	0.002	1167927	24.297	911400	18.960	18	281292
LS_4_3_2012	Esch_coli_Santai	NZ_CP007592.1	5104557	39.240	3611738	8.038	80	1229361	24.084	1210773	98.488	18558	1.510	435	0.035	1742279	34.132	1904212	37.304	49	461883
LS_4_3_2012	Esch_coli_AR_0061	NZ_CP020058.1	4595238	7.091	398206	1.995	12	191249	4.162	187465	98.021	3783	1.978	39	0.020	2581827	56.185	1525727	33.202	34	337717
LS_8_7_2012	Esch_coli_EC-1639	NZ_LR025101.1	5059899	2.748	68981	0.160	4	124068	2.452	123233	99.327	835	0.673	23	0.019	2636452	52.105	1782461	35.227	16	147725
LS_8_7_2012	Esch_coli_118UI	NZ_CP032515.1	5205677	53.246	1547332	3.650	61	2964923	56.956	2963346	99.947	1577	0.053	90	0.003	1817215	34.908	220395	4.234	30	399664
LS_8_7_2012	Esch_coli_D5	NZ_CP010145.1	4817460	0.447	9370	0.042	0	14299	0.297	14034	98.147	265	1.853	1	0.007	661136	13.724	256663	5.328	28	584913
LS_8_7_2012	Esch_coli_2011C-3911	NZ_CP015240.1	4863599	0.439	14517	0.056	0	17070	0.351	16748	98.114	322	1.887	3	0.018	659663	13.563	280678	5.771	33	633252
LS_8_7_2012	Esch_coli_PA45B	NZ_CP021288.1	5074754	0.488	15219	0.027	0	70438	1.388	69811	99.110	627	0.890	7	0.010	662422	13.053	255968	5.044	33	623809
LS_8_7_2012	Esch_coli_MSHS_133	NZ_CP041304.1	4946083	2.314	76630	0.124	2	1440674	29.128	1439485	99.917	1189	0.083	224	0.016	1165981	23.574	462646	9.354	25	379801
LS_8_7_2012	Esch_coli_NCTC122	NZ_LT906474.1	4625968	0.469	9676	0.036	0	16881	0.365	16596	98.312	285	1.689	3	0.018	632789	13.679	241540	5.221	19	398566
LS_8_7_2012	Esch_coli_MVAST0167	NZ_CP014492.1	4806946	0.444	12919	0.022	0	41683	0.867	41221	98.892	462	1.108	1	0.002	598862	12.458	231682	4.820	25	559432
LS_8_7_2012	Esch_coli_Santai	NZ_CP007592.1	5104557	0.453	19856	0.033	0	25022	0.490	24554	98.130	468	1.870	0	0.000	693304	13.582	317763	6.225	30	681432
LS_8_7_2012	Esch_coli_AR_0061	NZ_CP020058.1	4595238	0.463	8205	0.031	0	20012	0.435	19689	98.386	323	1.614	0	0.000	628344	13.674	238516	5.191	29	525029
LS_11_6_2012	Esch_coli_EC-1639	NZ_LR025101.1	5059899	3.616	136764	0.440	8	46405	0.917	45672	98.420	733	1.580	8	0.017	2770492	54.754	1987891	39.287	33	411837
LS_11_6_2012	Esch_coli_118UI	NZ_CP032515.1	5205677	113.667	3351176	10.941	134	2942794	56.530	2940962	99.938	1832	0.062	78	0.003	1825156	35.061	301981	5.801	26	463211
LS_11_6_2012	Esch_coli_D5	NZ_CP010145.1	4817460	0.452	20204	0.126	0	5039	0.105	4899	97.222	140	2.778	0	0.000	844082	17.521	462623	9.603	20	454803
LS_11_6_2012	Esch_coli_2011C-3911	NZ_CP015240.1	4863599	0.454	30977	0.166	0	8816	0.181	8602	97.573	214	2.427	0	0.000	850599	17.489	485154	9.975	24	511894
LS_11_6_2012	Esch_coli_PA45B	NZ_CP021288.1	5074754	0.350	28560	0.069	0	11989	0.236	11687	97.481	302	2.519	0	0.000	693575	13.667	418774	8.252	23	687694
LS_11_6_2012	Esch_coli_MSHS_133	NZ_CP041304.1	4946083	0.582	68240	0.153	0	22842	0.462	22452	98.293	390	1.707	1	0.004	1286705	26.015	949561	19.198	18	391336
LS_11_6_2012	Esch_coli_NCTC122	NZ_LT906474.1	4625968	0.480	20530	0.106	0	9410	0.203	9255	98.353	155	1.647	0	0.000	812439	17.563	437134	9.450	13	244245
LS_11_6_2012	Esch_coli_MVAST0167	NZ_CP014492.1	4806946	0.364	26200	0.063	0	11395	0.237	11131	97.683	264	2.317	0	0.000	670570	13.950	391804	8.151	16	430142
LS_11_6_2012	Esch_coli_Santai	NZ_CP007592.1	5104557	0.456	41344	0.097	0	12803	0.251	12531	97.875	272	2.125	2	0.016	901778	17.666	538316	10.546	20	519022
LS_11_6_2012	Esch_coli_AR_0061	NZ_CP020058.1	4595238	0.466	17269	0.091	0	7406	0.161	7238	97.732	168	2.268	0	0.000	818283	17.807	445634	9.698	16	286266
LS_1_26_2013	Esch_coli_EC-1639	NZ_LR025101.1	5059899	0.087	1164	0.004	0	6236	0.123	6212	99.615	24	0.385	2	0.032	37550	0.742	2413	0.048	1	72473
LS_1_26_2013	Esch_coli_118UI	NZ_CP032515.1	5205677	0.103	1924	0.006	0	12424	0.239	12365	99.525	59	0.475	1	0.008	34505	0.663	2547	0.049	2	113493
LS_1_26_2013	Esch_coli_D5	NZ_CP010145.1	4817460	0.113	1205	0.007	0	7671	0.159	7660	99.857	11	0.143	0	0.000	42295	0.878	1405	0.029	1	51539
LS_1_26_2013	Esch_coli_2011C-3911	NZ_CP015240.1	4863599	0.090	497	0.003	0	3813	0.078	3800	99.659	13	0.341	0	0.000	37697	0.775	1195	0.025	7	484105
LS_1_26_2013	Esch_coli_PA45B	NZ_CP021288.1	5074754	0.030	433	0.001	0	4099	0.081	3787	92.388	311	7.591	2	0.049	17600	0.347	2129	0.042	4	908997
LS_1_26_2013	Esch_coli_MSHS_133	NZ_CP041304.1	4946083	0.051	875	0.002	0	4109	0.083	3953	96.203	156	3.797	0	0.000	19447	0.393	1417	0.029	2	217749
LS_1_26_2013	Esch_coli_NCTC122	NZ_LT906474.1	4625968	0.145	1847	0.009	0	18814	0.407	18731	99.559	83	0.441	0	0.000	49367	1.067	1484	0.032	4	180536
LS_1_26_2013	Esch_coli_MVAST0167	NZ_CP014492.1	4806946	0.034	485	0.001	0	2391	0.050	2208	92.346	183	7.657	1	0.042	18171	0.378	1586	0.033	0	0
LS_1_26_2013	Esch_coli_Santai	NZ_CP007592.1	5104557	0.056	825	0.002	0	4474	0.088	4379	97.877	95	2.123	0	0.000	30327	0.594	4939	0.097	3	344856
LS_1_26_2013	Esch_coli_AR_0061	NZ_CP020058.1	4595238	0.126	1224	0.006	0	11818	0.257	11722	99.188	96	0.812	0	0.000	48938	1.065	1645	0.036	2	104737
LS_2_8_2013	Esch_coli_EC-1639	NZ_LR025101.1	5059899	0.826	16765	0.105	1	351548	6.948	348838	99.229	2710	0.771	197	0.056	522066	10.318	8747	0.173	1	31599
LS_2_8_2013	Esch_coli_118UI	NZ_CP032515.1	5205677	0.617	10033	0.064	0	145756	2.800	143468	98.430	2288	1.570	58	0.040	518134	9.953	17723	0.340	16	310258
LS_2_8_2013	Esch_coli_D5	NZ_CP010145.1	4817460	0.251	2140	0.026	0	17569	0.365	16573	94.331	996	5.675	19	0.108	224175	4.653	12739	0.264	14	417641
LS_2_8_2013	Esch_coli_2011C-3911	NZ_CP015240.1	4863599	0.221	1991	0.021	0	15647	0.322	14396	92.005	1251	8.001	11	0.070	212995	4.379	13090	0.269	19	632303
LS_2_8_2013	Esch_coli_PA45B	NZ_CP021288.1	5074754	0.198	3006	0.014	0	28028	0.552	25586	91.287	2442	8.713	0	0.000	198271	3.907	14621	0.288	19	836253
LS_2_8_2013	Esch_coli_MSHS_133	NZ_CP041304.1	4946083	0.272	5275	0.023	0	46291	0.936	43396	93.746	2895	6.255	9	0.019	211163	4.269	14311	0.289	11	358040
LS_2_8_2013	Esch_coli_NCTC122	NZ_LT906474.1	4625968	0.251	3359	0.034	0	22738	0.492	21354	93.913	1384	6.089	7	0.031	209795	4.535	17905	0.387	8	260745
LS_2_8_2013	Esch_coli_MVAST0167	NZ_CP014492.1	4806946	0.216	3627	0.017	0	36407	0.757	33131	91.002	3275	8.996	2	0.005	196520	4.088	14957	0.311	12	551131
LS_2_8_2013	Esch_coli_Santai	NZ_CP007592.1	5104557	0.202	3975	0.018	0	32743	0.641	29774	90.932	2969	9.068	0	0.000	195569	3.831	16731	0.328	22	827125
LS_2_8_2013	Esch_coli_AR_0061	NZ_CP020058.1	4595238	0.259	2542	0.026	0	21936	0.477	20630	94.046	1306	5.954	0	0.000	212671	4.628	10411	0.227	13	383988
LS_2_25_2013	Esch_coli_EC-1639	NZ_LR025101.1	5059899	1.398	34733	0.237	1	1126703	22.267	1126656	99.996	47	0.004	13	0.001	732483	14.476	157	0.003	1	29062
LS_2_25_2013	Esch_coli_118UI	NZ_CP032515.1	5205677	0.641	5534	0.038	0	75748	1.455	75636	99.852	112	0.148	0	0.000	698130	13.411	1786	0.034	16	367230
LS_2_25_2013	Esch_coli_D5	NZ_CP010145.1	4817460	0.084	856	0.011	0	4407	0.091	4327	98.185	80	1.815	0	0.000	40186	0.834	199	0.004	2	128126
LS_2_25_2013	Esch_coli_2011C-3911	NZ_CP015240.1	4863599	0.058	312	0.004	0	4245	0.087	4188	98.657	57	1.343	0	0.000	24905	0.512	79	0.002	7	798493
LS_2_25_2013	Esch_coli_PA45B	NZ_CP021288.1	5074754	0.056	355	0.002	0	5194	0.102	5062	97.459	132	2.541	0	0.000	44517	0.877	200	0.004	10	1249448
LS_2_25_2013	Esch_coli_MSHS_133	NZ_CP041304.1	4946083	0.105	819	0.004	0	8042	0.163	7940	98.732	102	1.268	1	0.012	76314	1.543	134	0.003	4	242922
LS_2_25_2013	Esch_coli_NCTC122	NZ_LT906474.1	4625968	0.065	928	0.010	0	26694	0.577	26286	98.472	407	1.527	44	0.165	25150	0.544	335	0.007	14	1567949
LS_2_25_2013	Esch_coli_MVAST0167	NZ_CP014492.1	4806946	0.057	288	0.001	0	1771	0.037	1635	92.321	136	7.679	0	0.000	47863	0.996	519	0.011	8	1123514
LS_2_25_2013	Esch_coli_Santai	NZ_CP007592.1	5104557	0.046	329	0.002	0	3397	0.067	3215	94.642	182	5.358	0	0.000	29363	0.575	2825	0.055	5	830505
LS_2_25_2013	Esch_coli_AR_0061	NZ_CP020058.1	4595238	0.041	104	0.001	0	294	0.006	288	97.959	6	2.041	0	0.000	22853	0.497	390	0.008	4	658953
LS_3_24_2013	Esch_coli_EC-1639	NZ_LR025101.1	5059899	0.475	10543	0.052	0	192526	3.805	192341	99.904	185	0.096	14	0.007	226247	4.471	15458	0.306	2	46645
LS_3_24_2013	Esch_coli_118UI	NZ_CP032515.1	5205677	0.314	4689	0.023	0	49963	0.960	49698	99.470	265	0.530	0	0.000	224007	4.303	14236	0.273	10	307788
LS_3_24_2013	Esch_coli_D5	NZ_CP010145.1	4817460	0.077	846	0.008	0	3808	0.079	3610	94.800	198	5.200	0	0.000	62654	1.301	10536	0.219	3	257059
LS_3_24_2013	Esch_coli_2011C-3911	NZ_CP015240.1	4863599	0.062	977	0.008	0	2413	0.050	2222	92.085	191	7.915	0	0.000	60597	1.246	9596	0.197	9	1209620
LS_3_24_2013	Esch_coli_PA45B	NZ_CP021288.1	5074754	0.063	1246	0.005	0	4933	0.097	4507	91.364	426	8.636	0	0.000	63292	1.247	14846	0.293	6	668488
LS_3_24_2013	Esch_coli_MSHS_133	NZ_CP041304.1	4946083	0.093	2394	0.008	0	10370	0.210	10072	97.126	298	2.874	0	0.000	65293	1.320	14376	0.291	4	273147
LS_3_24_2013	Esch_coli_NCTC122	NZ_LT906474.1	4625968	0.055	380	0.003	0	759	0.016	695	91.568	64	8.432	0	0.000	50216	1.086	6702	0.145	6	754405
LS_3_24_2013	Esch_coli_MVAST0167	NZ_CP014492.1	4806946	0.069	1040	0.004	0	3361	0.070	3147	93.633	214	6.367	0	0.000	56394	1.173	7975	0.166	2	168387
LS_3_24_2013	Esch_coli_Santai	NZ_CP007592.1	5104557	0.056	972	0.003	0	3153	0.062	2812	89.185	341	10.819	1	0.032	64041	1.255	12548	0.246	10	1476131
LS_3_24_2013	Esch_coli_AR_0061	NZ_CP020058.1	4595238	0.057	381	0.003	0	1163	0.025	1060	91.144	103	8.856	0	0.000	54320	1.182	7514	0.164	7	806413
LS_4_7_2013	Esch_coli_EC-1639	NZ_LR025101.1	5059899	2.503	48583	0.351	2	1598972	31.601	1598737	99.985	235	0.015	285	0.018	1524719	30.133	3169	0.063	1	31008
LS_4_7_2013	Esch_coli_118UI	NZ_CP032515.1	5205677	2.594	54633	0.401	2	1759202	33.794	1758791	99.977	411	0.023	44	0.003	1540552	29.594	4533	0.087	22	313407
LS_4_7_2013	Esch_coli_D5	NZ_CP010145.1	4817460	0.141	1246	0.018	0	15684	0.326	15485	98.731	199	1.269	0	0.000	101512	2.107	646	0.013	9	407432
LS_4_7_2013	Esch_coli_2011C-3911	NZ_CP015240.1	4863599	0.118	940	0.011	0	21409	0.440	20932	97.772	477	2.229	10	0.047	82196	1.690	1516	0.031	15	1194632
LS_4_7_2013	Esch_coli_PA45B	NZ_CP021288.1	5074754	0.118	954	0.005	0	18003	0.355	17620	97.873	383	2.128	4	0.022	108544	2.139	3985	0.079	19	1397931
LS_4_7_2013	Esch_coli_MSHS_133	NZ_CP041304.1	4946083	0.263	2529	0.013	0	36489	0.738	36130	99.016	359	0.984	2	0.005	240390	4.860	7400	0.150	12	366658
LS_4_7_2013	Esch_coli_NCTC122	NZ_LT906474.1	4625968	0.097	430	0.005	0	8844	0.191	8680	98.146	164	1.854	0	0.000	74464	1.610	918	0.020	11	820658
LS_4_7_2013	Esch_coli_MVAST0167	NZ_CP014492.1	4806946	0.117	682	0.004	0	11188	0.233	10961	97.971	227	2.029	0	0.000	110701	2.303	3068	0.064	17	1089948
LS_4_7_2013	Esch_coli_Santai	NZ_CP007592.1	5104557	0.116	974	0.005	0	20273	0.397	19755	97.445	518	2.555	1	0.005	96092	1.882	2384	0.047	17	1154497
LS_4_7_2013	Esch_coli_AR_0061	NZ_CP020058.1	4595238	0.093	451	0.005	0	7674	0.167	7480	97.472	194	2.528	0	0.000	68509	1.491	1642	0.036	6	532947
LS_4_29_2013	Esch_coli_EC-1639	NZ_LR025101.1	5059899	0.233	3282	0.017	0	32805	0.648	32652	99.534	153	0.466	0	0.000	142856	2.823	10916	0.216	4	129898
LS_4_29_2013	Esch_coli_118UI	NZ_CP032515.1	5205677	0.356	8255	0.044	0	137595	2.643	137395	99.855	200	0.145	0	0.000	153839	2.955	8688	0.167	14	416785
LS_4_29_2013	Esch_coli_D5	NZ_CP010145.1	4817460	0.074	885	0.009	0	4538	0.094	4385	96.628	153	3.372	0	0.000	47582	0.988	5430	0.113	1	92107
LS_4_29_2013	Esch_coli_2011C-3911	NZ_CP015240.1	4863599	0.057	717	0.006	0	2846	0.059	2687	94.413	159	5.587	0	0.000	45620	0.938	5125	0.105	11	1353043
LS_4_29_2013	Esch_coli_PA45B	NZ_CP021288.1	5074754	0.048	830	0.003	0	4632	0.091	4230	91.321	402	8.679	0	0.000	46771	0.922	9229	0.182	11	1532913
LS_4_29_2013	Esch_coli_MSHS_133	NZ_CP041304.1	4946083	0.058	1295	0.005	0	5811	0.117	5608	96.507	203	3.494	1	0.017	47403	0.958	9010	0.182	4	451103
LS_4_29_2013	Esch_coli_NCTC122	NZ_LT906474.1	4625968	0.045	277	0.002	0	1053	0.023	997	94.682	56	5.318	0	0.000	37582	0.812	3763	0.081	6	877847
LS_4_29_2013	Esch_coli_MVAST0167	NZ_CP014492.1	4806946	0.054	1005	0.004	0	3066	0.064	2880	93.933	186	6.067	0	0.000	37564	0.781	4941	0.103	0	0
LS_4_29_2013	Esch_coli_Santai	NZ_CP007592.1	5104557	0.048	791	0.003	0	4018	0.079	3724	92.683	294	7.317	0	0.000	47431	0.929	6368	0.125	11	1627971
LS_4_29_2013	Esch_coli_AR_0061	NZ_CP020058.1	4595238	0.046	281	0.002	0	1340	0.029	1249	93.209	91	6.791	0	0.000	37217	0.810	4309	0.094	9	1466715
LS_6_9_2013	Esch_coli_EC-1639	NZ_LR025101.1	5059899	0.509	16336	0.049	0	33826	0.669	33759	99.802	67	0.198	3	0.009	772512	15.267	372412	7.360	7	120612
LS_6_9_2013	Esch_coli_118UI	NZ_CP032515.1	5205677	0.461	70186	0.212	0	5295	0.102	5199	98.187	96	1.814	2	0.038	873934	16.788	515032	9.894	14	312670
LS_6_9_2013	Esch_coli_D5	NZ_CP010145.1	4817460	72.332	1458559	8.443	79	2343644	48.649	2341747	99.919	1889	0.081	291	0.012	2755654	57.201	438323	9.099	10	103057
LS_6_9_2013	Esch_coli_2011C-3911	NZ_CP015240.1	4863599	13.698	33053	0.163	21	52358	1.077	51695	98.734	663	1.267	27	0.052	3338980	68.652	1346232	27.680	23	381445
LS_6_9_2013	Esch_coli_PA45B	NZ_CP021288.1	5074754	0.332	19857	0.045	0	13430	0.265	13274	98.838	156	1.162	0	0.000	547269	10.784	273431	5.388	18	492328
LS_6_9_2013	Esch_coli_MSHS_133	NZ_CP041304.1	4946083	0.383	21290	0.044	0	7966	0.161	7858	98.644	107	1.345	8	0.100	675769	13.663	345099	6.977	18	424482
LS_6_9_2013	Esch_coli_NCTC122	NZ_LT906474.1	4625968	1.390	10393	0.049	1	9068	0.196	8966	98.875	102	1.125	1	0.011	2141804	46.300	1326145	28.667	21	311297
LS_6_9_2013	Esch_coli_MVAST0167	NZ_CP014492.1	4806946	0.523	39358	0.088	0	119611	2.488	119451	99.866	160	0.134	1	0.001	534275	11.115	275971	5.741	3	58203
LS_6_9_2013	Esch_coli_Santai	NZ_CP007592.1	5104557	0.700	17153	0.037	0	7698	0.151	7611	98.870	87	1.130	0	0.000	1790050	35.068	1225882	24.015	32	643574
LS_6_9_2013	Esch_coli_AR_0061	NZ_CP020058.1	4595238	1.442	10933	0.053	1	6017	0.131	5944	98.787	73	1.213	0	0.000	2209637	48.085	1389360	30.235	18	240620
LS_7_14_2013	Esch_coli_EC-1639	NZ_LR025101.1	5059899	0.393	13574	0.023	0	4438	0.088	4381	98.716	57	1.284	0	0.000	765945	15.138	380255	7.515	19	433517
LS_7_14_2013	Esch_coli_118UI	NZ_CP032515.1	5205677	0.403	72191	0.126	0	5187	0.100	5071	97.764	116	2.236	0	0.000	849430	16.317	521056	10.009	25	662575
LS_7_14_2013	Esch_coli_D5	NZ_CP010145.1	4817460	74.602	1511667	5.048	82	2324166	48.245	2322341	99.921	1816	0.078	273	0.012	2763856	57.372	465541	9.664	12	114720
LS_7_14_2013	Esch_coli_2011C-3911	NZ_CP015240.1	4863599	13.885	33652	0.096	22	54228	1.115	53561	98.770	667	1.230	15	0.028	3347804	68.834	1377451	28.322	22	382505
LS_7_14_2013	Esch_coli_PA45B	NZ_CP021288.1	5074754	0.330	19858	0.026	0	14725	0.290	14548	98.798	177	1.202	0	0.000	555406	10.944	277380	5.466	22	613262
LS_7_14_2013	Esch_coli_MSHS_133	NZ_CP041304.1	4946083	0.381	21825	0.026	0	8437	0.171	8290	98.258	147	1.743	1	0.012	692936	14.010	354320	7.164	23	545704
LS_7_14_2013	Esch_coli_NCTC122	NZ_LT906474.1	4625968	1.382	10874	0.030	1	6689	0.145	6597	98.625	92	1.375	0	0.000	2157175	46.632	1354220	29.274	18	289669
LS_7_14_2013	Esch_coli_MVAST0167	NZ_CP014492.1	4806946	0.509	41133	0.053	0	115878	2.411	115740	99.881	137	0.118	3	0.003	533968	11.108	283348	5.895	7	122834
LS_7_14_2013	Esch_coli_Santai	NZ_CP007592.1	5104557	0.700	17663	0.022	0	6522	0.128	6433	98.635	89	1.365	0	0.000	1805100	35.363	1239533	24.283	29	627110
LS_7_14_2013	Esch_coli_AR_0061	NZ_CP020058.1	4595238	1.440	11452	0.032	1	5906	0.129	5830	98.713	76	1.287	0	0.000	2216413	48.233	1407927	30.639	20	249873
LS_8_10_2013	Esch_coli_EC-1639	NZ_LR025101.1	5059899	0.629	25972	0.064	0	72696	1.437	72609	99.880	87	0.120	0	0.000	939667	18.571	490905	9.702	2	41891
LS_8_10_2013	Esch_coli_118UI	NZ_CP032515.1	5205677	0.516	113005	0.283	0	9990	0.192	9825	98.348	165	1.652	0	0.000	1030552	19.797	641881	12.330	13	279754
LS_8_10_2013	Esch_coli_D5	NZ_CP010145.1	4817460	112.852	2332926	11.187	126	2272026	47.162	2270072	99.914	1946	0.086	297	0.013	2772018	57.541	566568	11.761	8	78705
LS_8_10_2013	Esch_coli_2011C-3911	NZ_CP015240.1	4863599	18.233	49056	0.201	34	59742	1.228	58997	98.753	745	1.247	21	0.035	3413473	70.184	1584962	32.588	25	370749
LS_8_10_2013	Esch_coli_PA45B	NZ_CP021288.1	5074754	0.506	31452	0.059	0	75145	1.481	74678	99.379	467	0.622	5	0.007	757954	14.936	354421	6.984	21	448051
LS_8_10_2013	Esch_coli_MSHS_133	NZ_CP041304.1	4946083	0.464	34329	0.059	0	22659	0.458	22444	99.051	214	0.945	10	0.044	839242	16.968	452226	9.143	16	313678
LS_8_10_2013	Esch_coli_NCTC122	NZ_LT906474.1	4625968	1.798	17232	0.068	2	11827	0.256	11707	98.985	120	1.015	3	0.025	2302608	49.776	1457402	31.505	22	285277
LS_8_10_2013	Esch_coli_MVAST0167	NZ_CP014492.1	4806946	1.257	77457	0.143	1	793241	16.502	792663	99.927	578	0.073	9	0.001	726789	15.120	305639	6.358	5	57053
LS_8_10_2013	Esch_coli_Santai	NZ_CP007592.1	5104557	0.702	26481	0.047	0	9629	0.189	9482	98.473	147	1.527	0	0.000	1948837	38.178	1424161	27.900	29	555050
LS_8_10_2013	Esch_coli_AR_0061	NZ_CP020058.1	4595238	1.849	17758	0.072	2	9687	0.211	9560	98.689	127	1.311	0	0.000	2362805	51.419	1516622	33.004	18	209264
LS_9_3_2013	Esch_coli_EC-1639	NZ_LR025101.1	5059899	0.402	20284	0.054	0	3870	0.076	3802	98.243	68	1.757	0	0.000	870845	17.211	485285	9.591	21	570660
LS_9_3_2013	Esch_coli_118UI	NZ_CP032515.1	5205677	0.416	109446	0.298	0	5195	0.100	5099	98.152	95	1.829	2	0.038	962376	18.487	639272	12.280	22	598048
LS_9_3_2013	Esch_coli_D5	NZ_CP010145.1	4817460	112.981	2318634	12.108	126	2298255	47.707	2296344	99.917	1904	0.083	290	0.013	2775263	57.608	535994	11.126	10	84709
LS_9_3_2013	Esch_coli_2011C-3911	NZ_CP015240.1	4863599	18.291	52757	0.235	34	62274	1.280	61592	98.905	682	1.095	15	0.024	3417602	70.269	1577563	32.436	23	340750
LS_9_3_2013	Esch_coli_PA45B	NZ_CP021288.1	5074754	0.303	30325	0.062	0	5869	0.116	5768	98.279	101	1.721	0	0.000	610449	12.029	346786	6.834	20	539683
LS_9_3_2013	Esch_coli_MSHS_133	NZ_CP041304.1	4946083	0.390	33577	0.063	0	7232	0.146	7090	98.037	142	1.964	2	0.028	788659	15.945	456526	9.230	21	443711
LS_9_3_2013	Esch_coli_NCTC122	NZ_LT906474.1	4625968	1.784	16487	0.071	2	10924	0.236	10806	98.920	118	1.080	1	0.009	2301721	49.757	1452774	31.405	20	277431
LS_9_3_2013	Esch_coli_MVAST0167	NZ_CP014492.1	4806946	0.335	49343	0.099	0	8376	0.174	8281	98.866	95	1.134	1	0.012	593673	12.350	343445	7.145	6	122930
LS_9_3_2013	Esch_coli_Santai	NZ_CP007592.1	5104557	0.698	26325	0.051	0	7744	0.152	7677	99.135	67	0.865	0	0.000	1957174	38.342	1426500	27.946	26	559827
LS_9_3_2013	Esch_coli_AR_0061	NZ_CP020058.1	4595238	1.851	17500	0.077	2	9613	0.209	9475	98.564	138	1.436	0	0.000	2359490	51.346	1510732	32.876	17	215972
LS_9_24_2013	Esch_coli_EC-1639	NZ_LR025101.1	5059899	0.500	35917	0.076	0	18656	0.369	17106	91.692	1550	8.312	8	0.043	1084471	21.433	642216	12.692	20	471321
LS_9_24_2013	Esch_coli_118UI	NZ_CP032515.1	5205677	0.513	179355	0.388	0	16596	0.319	15055	90.715	1540	9.282	4	0.024	1192677	22.911	794406	15.260	20	562479
LS_9_24_2013	Esch_coli_D5	NZ_CP010145.1	4817460	176.669	3702306	15.330	200	2223217	46.149	2221254	99.912	1944	0.087	470	0.021	2775642	57.616	646674	13.424	9	98321
LS_9_24_2013	Esch_coli_2011C-3911	NZ_CP015240.1	4863599	25.426	85254	0.301	55	80791	1.661	79044	97.838	1743	2.160	104	0.129	3499443	71.952	1747050	35.921	21	364853
LS_9_24_2013	Esch_coli_PA45B	NZ_CP021288.1	5074754	0.404	50218	0.081	0	19937	0.393	18511	92.847	1426	7.153	0	0.000	802276	15.809	459068	9.046	19	526621
LS_9_24_2013	Esch_coli_MSHS_133	NZ_CP041304.1	4946083	0.490	56786	0.084	0	24074	0.487	22064	91.651	2008	8.343	5	0.021	988556	19.987	590648	11.942	22	441900
LS_9_24_2013	Esch_coli_NCTC122	NZ_LT906474.1	4625968	2.212	28851	0.098	3	19808	0.428	18831	95.068	976	4.931	14	0.071	2489093	53.807	1610598	34.816	21	296396
LS_9_24_2013	Esch_coli_MVAST0167	NZ_CP014492.1	4806946	0.470	84046	0.134	0	36624	0.762	34914	95.331	1710	4.669	2	0.005	775570	16.134	454158	9.448	9	172647
LS_9_24_2013	Esch_coli_Santai	NZ_CP007592.1	5104557	1.034	45301	0.070	1	28860	0.565	26914	93.257	1946	6.743	2	0.007	2133695	41.800	1494034	29.269	37	625777
LS_9_24_2013	Esch_coli_AR_0061	NZ_CP020058.1	4595238	2.591	28923	0.101	4	21422	0.466	20500	95.696	922	4.304	2	0.009	2547737	55.443	1608048	34.994	19	239564
LS_10_27_2013	Esch_coli_EC-1639	NZ_LR025101.1	5059899	0.424	18354	0.049	0	9792	0.194	9284	94.812	508	5.188	0	0.000	856817	16.933	457438	9.040	24	520701
LS_10_27_2013	Esch_coli_118UI	NZ_CP032515.1	5205677	0.447	97081	0.261	0	8535	0.164	8224	96.356	311	3.644	0	0.000	959173	18.426	605359	11.629	18	399925
LS_10_27_2013	Esch_coli_D5	NZ_CP010145.1	4817460	99.417	2030066	10.466	110	2304309	47.832	2302377	99.916	1925	0.084	287	0.012	2766729	57.431	518881	10.771	8	84969
LS_10_27_2013	Esch_coli_2011C-3911	NZ_CP015240.1	4863599	17.256	44805	0.197	30	61521	1.265	60551	98.423	970	1.578	57	0.093	3395770	69.820	1486848	30.571	23	376960
LS_10_27_2013	Esch_coli_PA45B	NZ_CP021288.1	5074754	0.408	27335	0.055	0	32669	0.644	32251	98.720	418	1.280	1	0.003	659810	13.002	333867	6.579	21	513904
LS_10_27_2013	Esch_coli_MSHS_133	NZ_CP041304.1	4946083	0.431	30136	0.056	0	17666	0.357	17143	97.040	523	2.961	1	0.006	789760	15.967	428572	8.665	16	351112
LS_10_27_2013	Esch_coli_NCTC122	NZ_LT906474.1	4625968	1.382	15069	0.064	1	9634	0.208	9455	98.142	179	1.858	1	0.010	2262414	48.907	1513556	32.719	20	270152
LS_10_27_2013	Esch_coli_MVAST0167	NZ_CP014492.1	4806946	0.761	57823	0.115	0	315609	6.566	315129	99.848	480	0.152	12	0.004	643864	13.394	334086	6.950	7	88010
LS_10_27_2013	Esch_coli_Santai	NZ_CP007592.1	5104557	0.716	23342	0.045	0	11713	0.229	11435	97.627	278	2.373	0	0.000	1912541	37.467	1370667	26.852	28	564688
LS_10_27_2013	Esch_coli_AR_0061	NZ_CP020058.1	4595238	1.874	15819	0.069	2	9477	0.206	9301	98.143	176	1.857	0	0.000	2327207	50.644	1444177	31.428	19	217456
LS_11_10_2013	Esch_coli_EC-1639	NZ_LR025101.1	5059899	0.457	16849	0.045	0	17005	0.336	15562	91.514	1443	8.486	1	0.006	856483	16.927	423983	8.379	28	652145
LS_11_10_2013	Esch_coli_118UI	NZ_CP032515.1	5205677	0.472	80299	0.220	0	17478	0.336	16088	92.047	1390	7.954	3	0.017	952036	18.288	565465	10.862	25	675812
LS_11_10_2013	Esch_coli_D5	NZ_CP010145.1	4817460	79.750	1636358	8.579	88	2293826	47.615	2292035	99.922	1769	0.077	584	0.025	2766344	57.423	510291	10.593	11	113045
LS_11_10_2013	Esch_coli_2011C-3911	NZ_CP015240.1	4863599	14.787	34382	0.154	24	65770	1.352	64295	97.757	1473	2.241	48	0.073	3377338	69.441	1402245	28.831	22	396212
LS_11_10_2013	Esch_coli_PA45B	NZ_CP021288.1	5074754	0.336	21056	0.043	0	13651	0.269	12684	92.916	967	7.084	0	0.000	612843	12.076	310288	6.114	26	680149
LS_11_10_2013	Esch_coli_MSHS_133	NZ_CP041304.1	4946083	0.434	25366	0.048	0	22886	0.463	20983	91.685	1903	8.317	4	0.017	773633	15.641	394257	7.971	27	567553
LS_11_10_2013	Esch_coli_NCTC122	NZ_LT906474.1	4625968	1.438	13120	0.056	1	12798	0.277	12187	95.226	610	4.769	6	0.047	2219599	47.981	1407899	30.435	20	298839
LS_11_10_2013	Esch_coli_MVAST0167	NZ_CP014492.1	4806946	0.349	38079	0.077	0	17063	0.355	15778	92.469	1285	7.533	5	0.029	603959	12.564	311556	6.481	19	417238
LS_11_10_2013	Esch_coli_Santai	NZ_CP007592.1	5104557	0.749	20850	0.041	0	19649	0.385	18246	92.860	1403	7.140	0	0.000	1871132	36.656	1287704	25.227	29	621245
LS_11_10_2013	Esch_coli_AR_0061	NZ_CP020058.1	4595238	1.960	13676	0.060	2	15394	0.335	14657	95.212	737	4.788	1	0.006	2281261	49.644	1316872	28.657	20	250865
LS_12_14_2013	Esch_coli_EC-1639	NZ_LR025101.1	5059899	0.392	15710	0.037	0	3631	0.072	3557	97.962	74	2.039	1	0.028	803946	15.889	421074	8.322	24	613087
LS_12_14_2013	Esch_coli_118UI	NZ_CP032515.1	5205677	0.405	85116	0.201	0	6192	0.119	6071	98.046	121	1.954	1	0.016	892823	17.151	567376	10.899	29	734720
LS_12_14_2013	Esch_coli_D5	NZ_CP010145.1	4817460	88.464	1792883	8.113	98	2304345	47.833	2302781	99.932	1557	0.068	305	0.013	2755928	57.207	487520	10.120	12	133394
LS_12_14_2013	Esch_coli_2011C-3911	NZ_CP015240.1	4863599	15.473	29259	0.113	26	50302	1.034	49797	98.996	505	1.004	18	0.036	3364618	69.180	1440057	29.609	26	434723
LS_12_14_2013	Esch_coli_PA45B	NZ_CP021288.1	5074754	0.323	18267	0.032	0	10802	0.213	10671	98.787	131	1.213	1	0.009	574543	11.322	293426	5.782	21	597672
LS_12_14_2013	Esch_coli_MSHS_133	NZ_CP041304.1	4946083	0.390	26201	0.042	0	8556	0.173	8381	97.955	175	2.046	1	0.012	740560	14.973	395241	7.991	24	502866
LS_12_14_2013	Esch_coli_NCTC122	NZ_LT906474.1	4625968	1.371	12798	0.048	1	8085	0.175	7979	98.689	106	1.311	0	0.000	2218726	47.962	1453639	31.423	18	263845
LS_12_14_2013	Esch_coli_MVAST0167	NZ_CP014492.1	4806946	0.475	45112	0.078	0	87451	1.819	87306	99.834	145	0.166	2	0.002	559816	11.646	311068	6.471	6	107921
LS_12_14_2013	Esch_coli_Santai	NZ_CP007592.1	5104557	0.701	20451	0.035	0	8531	0.167	8448	99.027	83	0.973	0	0.000	1859851	36.435	1306609	25.597	29	584827
LS_12_14_2013	Esch_coli_AR_0061	NZ_CP020058.1	4595238	1.878	13644	0.052	2	8493	0.185	8396	98.858	97	1.142	0	0.000	2276402	49.538	1367857	29.767	19	241095
LS_2_17_2014	Esch_coli_EC-1639	NZ_LR025101.1	5059899	0.309	3309	0.012	0	9494	0.188	9336	98.336	158	1.664	0	0.000	521655	10.310	214139	4.232	30	900029
LS_2_17_2014	Esch_coli_118UI	NZ_CP032515.1	5205677	0.329	5913	0.022	0	9401	0.181	9203	97.894	198	2.106	0	0.000	555673	10.674	240132	4.613	23	591781
LS_2_17_2014	Esch_coli_D5	NZ_CP010145.1	4817460	0.389	3750	0.027	0	23185	0.481	23015	99.267	170	0.733	0	0.000	460665	9.562	110136	2.286	20	406449
LS_2_17_2014	Esch_coli_2011C-3911	NZ_CP015240.1	4863599	0.373	8678	0.053	0	28811	0.592	28526	99.011	285	0.989	0	0.000	408430	8.398	92492	1.902	23	497675
LS_2_17_2014	Esch_coli_PA45B	NZ_CP021288.1	5074754	1.642	14880	0.041	1	31562	0.622	31225	98.932	337	1.068	6	0.019	2271035	44.752	1210964	23.863	46	668846
LS_2_17_2014	Esch_coli_MSHS_133	NZ_CP041304.1	4946083	0.529	11648	0.030	0	15964	0.323	15647	98.014	317	1.986	0	0.000	922756	18.656	459216	9.284	30	507786
LS_2_17_2014	Esch_coli_NCTC122	NZ_LT906474.1	4625968	0.591	5374	0.032	0	127260	2.751	126960	99.764	300	0.236	5	0.004	558345	12.070	96621	2.089	12	204396
LS_2_17_2014	Esch_coli_MVAST0167	NZ_CP014492.1	4806946	47.256	1517819	4.165	47	4326737	90.010	4326510	99.995	224	0.005	403	0.009	894235	18.603	82070	1.707	0	0
LS_2_17_2014	Esch_coli_Santai	NZ_CP007592.1	5104557	0.302	4656	0.012	0	22668	0.444	22426	98.932	242	1.068	1	0.004	362294	7.097	76322	1.495	18	512377
LS_2_17_2014	Esch_coli_AR_0061	NZ_CP020058.1	4595238	0.657	7396	0.044	0	168278	3.662	168077	99.881	201	0.119	0	0.000	557080	12.123	77221	1.680	22	325800
LS_3_23_2014	Esch_coli_EC-1639	NZ_LR025101.1	5059899	0.296	5722	0.014	0	3578	0.071	3484	97.373	94	2.627	0	0.000	625707	12.366	326599	6.455	27	860775
LS_3_23_2014	Esch_coli_118UI	NZ_CP032515.1	5205677	0.304	9914	0.025	0	3700	0.071	3599	97.270	101	2.730	0	0.000	660062	12.680	351897	6.760	29	912029
LS_3_23_2014	Esch_coli_D5	NZ_CP010145.1	4817460	0.253	5103	0.025	0	2299	0.048	2261	98.347	38	1.653	0	0.000	437764	9.087	192257	3.991	25	770095
LS_3_23_2014	Esch_coli_2011C-3911	NZ_CP015240.1	4863599	0.246	14384	0.059	0	3665	0.075	3496	95.389	169	4.611	0	0.000	390078	8.020	168713	3.469	25	875123
LS_3_23_2014	Esch_coli_PA45B	NZ_CP021288.1	5074754	2.024	27187	0.051	2	30438	0.600	30110	98.922	328	1.078	3	0.010	2481169	48.892	1504619	29.649	52	728888
LS_3_23_2014	Esch_coli_MSHS_133	NZ_CP041304.1	4946083	0.488	21407	0.037	0	9581	0.194	9376	97.860	205	2.140	1	0.010	1073299	21.700	675049	13.648	25	489450
LS_3_23_2014	Esch_coli_NCTC122	NZ_LT906474.1	4625968	0.254	1024	0.004	0	1735	0.038	1721	99.193	14	0.807	0	0.000	417048	9.015	164887	3.564	32	954103
LS_3_23_2014	Esch_coli_MVAST0167	NZ_CP014492.1	4806946	88.484	2851435	5.296	89	4311891	89.701	4311659	99.995	232	0.005	303	0.007	893211	18.582	130263	2.710	0	0
LS_3_23_2014	Esch_coli_Santai	NZ_CP007592.1	5104557	0.250	6716	0.012	0	2337	0.046	2279	97.518	58	2.482	0	0.000	420788	8.243	154200	3.021	30	986610
LS_3_23_2014	Esch_coli_AR_0061	NZ_CP020058.1	4595238	0.251	1685	0.007	0	718	0.016	711	99.025	7	0.975	0	0.000	394657	8.588	145941	3.176	23	757167
LS_5_4_2014	Esch_coli_EC-1639	NZ_LR025101.1	5059899	0.364	8854	0.026	0	8490	0.168	8376	98.657	114	1.343	2	0.024	740609	14.637	404535	7.995	24	580065
LS_5_4_2014	Esch_coli_118UI	NZ_CP032515.1	5205677	0.373	15574	0.047	0	13797	0.265	13656	98.978	141	1.022	1	0.007	787757	15.133	439917	8.451	19	500786
LS_5_4_2014	Esch_coli_D5	NZ_CP010145.1	4817460	0.308	7846	0.046	0	6627	0.138	6523	98.431	104	1.569	0	0.000	516474	10.721	250672	5.203	12	309511
LS_5_4_2014	Esch_coli_2011C-3911	NZ_CP015240.1	4863599	0.278	21544	0.107	0	5765	0.119	5604	97.207	161	2.793	0	0.000	464647	9.554	226243	4.652	23	687560
LS_5_4_2014	Esch_coli_PA45B	NZ_CP021288.1	5074754	2.486	41316	0.093	3	62615	1.234	62099	99.176	516	0.824	5	0.008	2627876	51.783	1660512	32.721	43	592590
LS_5_4_2014	Esch_coli_MSHS_133	NZ_CP041304.1	4946083	1.513	61010	0.127	1	856842	17.324	856282	99.935	560	0.065	24	0.003	1237555	25.021	729833	14.756	29	338987
LS_5_4_2014	Esch_coli_NCTC122	NZ_LT906474.1	4625968	0.284	1549	0.007	0	3395	0.073	3356	98.851	39	1.149	0	0.000	489967	10.592	224305	4.849	26	716633
LS_5_4_2014	Esch_coli_MVAST0167	NZ_CP014492.1	4806946	130.819	4224287	9.433	133	4339020	90.266	4338768	99.994	249	0.006	267	0.006	901237	18.749	113067	2.352	1	7343
LS_5_4_2014	Esch_coli_Santai	NZ_CP007592.1	5104557	0.295	10381	0.023	0	6436	0.126	6341	98.524	95	1.476	0	0.000	505471	9.902	215322	4.218	17	453772
LS_5_4_2014	Esch_coli_AR_0061	NZ_CP020058.1	4595238	0.298	2715	0.013	0	3222	0.070	3192	99.069	30	0.931	0	0.000	478345	10.410	201233	4.379	19	523922
LS_6_16_2014	Esch_coli_EC-1639	NZ_LR025101.1	5059899	0.452	8510	0.022	0	37761	0.746	37549	99.439	212	0.561	0	0.000	730497	14.437	351289	6.943	21	420174
LS_6_16_2014	Esch_coli_118UI	NZ_CP032515.1	5205677	0.571	17087	0.045	0	124750	2.396	124570	99.856	180	0.144	0	0.000	786487	15.108	387920	7.452	14	317500
LS_6_16_2014	Esch_coli_D5	NZ_CP010145.1	4817460	0.279	5595	0.029	0	4600	0.095	4540	98.696	60	1.304	0	0.000	464239	9.637	206451	4.285	22	622059
LS_6_16_2014	Esch_coli_2011C-3911	NZ_CP015240.1	4863599	0.271	16295	0.071	0	6636	0.136	6455	97.272	181	2.728	0	0.000	416750	8.569	184195	3.787	22	645038
LS_6_16_2014	Esch_coli_PA45B	NZ_CP021288.1	5074754	1.996	30963	0.061	2	36640	0.722	36210	98.826	430	1.174	2	0.005	2523374	49.724	1597913	31.487	47	576044
LS_6_16_2014	Esch_coli_MSHS_133	NZ_CP041304.1	4946083	0.508	24319	0.044	0	14020	0.283	13769	98.210	249	1.777	6	0.043	1121596	22.676	725085	14.660	21	378797
LS_6_16_2014	Esch_coli_NCTC122	NZ_LT906474.1	4625968	0.277	1226	0.005	0	2525	0.055	2496	98.851	29	1.149	0	0.000	440981	9.533	180336	3.898	26	772051
LS_6_16_2014	Esch_coli_MVAST0167	NZ_CP014492.1	4806946	99.496	3212980	6.294	101	4317023	89.808	4316801	99.995	219	0.005	353	0.008	898289	18.687	124198	2.584	1	5782
LS_6_16_2014	Esch_coli_Santai	NZ_CP007592.1	5104557	0.270	7915	0.015	0	6914	0.135	6796	98.293	118	1.707	2	0.029	443602	8.690	172727	3.384	29	861224
LS_6_16_2014	Esch_coli_AR_0061	NZ_CP020058.1	4595238	0.284	2224	0.010	0	4705	0.102	4642	98.661	63	1.340	2	0.043	432711	9.417	161630	3.517	27	716563
LS_8_22_2014	Esch_coli_EC-1639	NZ_LR025101.1	5059899	0.547	11213	0.024	0	43184	0.853	42548	98.527	636	1.473	0	0.000	796394	15.739	308984	6.107	34	645039
LS_8_22_2014	Esch_coli_118UI	NZ_CP032515.1	5205677	0.569	11719	0.025	0	46519	0.894	45652	98.136	867	1.864	1	0.002	883621	16.974	360341	6.922	38	722335
LS_8_22_2014	Esch_coli_D5	NZ_CP010145.1	4817460	2.653	39664	0.163	2	109331	2.269	108120	98.892	1211	1.108	26	0.024	2229539	46.280	890064	18.476	22	222421
LS_8_22_2014	Esch_coli_2011C-3911	NZ_CP015240.1	4863599	2.579	50249	0.176	2	129943	2.672	128075	98.562	1865	1.436	34	0.026	2173555	44.690	907798	18.665	28	325863
LS_8_22_2014	Esch_coli_PA45B	NZ_CP021288.1	5074754	1.238	11211	0.018	0	65328	1.287	64377	98.544	951	1.456	8	0.012	1762696	34.735	606133	11.944	35	547929
LS_8_22_2014	Esch_coli_MSHS_133	NZ_CP041304.1	4946083	0.741	16884	0.025	0	71094	1.437	70082	98.577	1011	1.422	8	0.011	962624	19.462	339045	6.855	31	421158
LS_8_22_2014	Esch_coli_NCTC122	NZ_LT906474.1	4625968	9.671	207282	0.699	11	497574	10.756	494747	99.432	2827	0.568	71	0.014	2593790	56.070	874008	18.894	16	127599
LS_8_22_2014	Esch_coli_MVAST0167	NZ_CP014492.1	4806946	12.886	397398	0.627	12	4229893	87.995	4229648	99.994	243	0.006	1934	0.046	960747	19.987	42333	0.881	0	0
LS_8_22_2014	Esch_coli_Santai	NZ_CP007592.1	5104557	0.950	50342	0.077	0	85366	1.672	83943	98.333	1423	1.667	0	0.000	1438588	28.182	881538	17.270	42	570313
LS_8_22_2014	Esch_coli_AR_0061	NZ_CP020058.1	4595238	14.255	291083	1.003	16	939272	20.440	936113	99.664	3157	0.336	90	0.010	2519776	54.835	649923	14.143	15	148348
LS_8_25_2014	Esch_coli_EC-1639	NZ_LR025101.1	5059899	0.594	23166	0.043	0	35410	0.700	34690	97.967	720	2.033	0	0.000	945074	18.678	434491	8.587	25	486374
LS_8_25_2014	Esch_coli_118UI	NZ_CP032515.1	5205677	0.635	23622	0.045	0	49910	0.959	49000	98.177	910	1.823	1	0.002	1019699	19.588	492541	9.462	18	317169
LS_8_25_2014	Esch_coli_D5	NZ_CP010145.1	4817460	3.180	87535	0.319	3	168173	3.491	167144	99.388	1029	0.612	106	0.063	2569474	53.337	1402518	29.113	12	119308
LS_8_25_2014	Esch_coli_2011C-3911	NZ_CP015240.1	4863599	2.981	102924	0.320	3	95117	1.956	93547	98.349	1569	1.650	29	0.030	2508393	51.575	1435941	29.524	24	272929
LS_8_25_2014	Esch_coli_PA45B	NZ_CP021288.1	5074754	0.957	22999	0.033	0	155805	3.070	154649	99.258	1156	0.742	22	0.014	1114558	21.963	289223	5.699	23	417847
LS_8_25_2014	Esch_coli_MSHS_133	NZ_CP041304.1	4946083	0.713	34695	0.045	0	88048	1.780	86918	98.717	1130	1.284	27	0.031	923817	18.678	434458	8.784	13	197062
LS_8_25_2014	Esch_coli_NCTC122	NZ_LT906474.1	4625968	15.718	440913	1.319	24	399893	8.645	396391	99.124	3499	0.875	115	0.029	2773338	59.952	1284628	27.770	13	118459
LS_8_25_2014	Esch_coli_MVAST0167	NZ_CP014492.1	4806946	3.231	91970	0.129	3	2526106	52.551	2525334	99.969	770	0.030	1117	0.044	1014968	21.115	131498	2.736	0	0
LS_8_25_2014	Esch_coli_Santai	NZ_CP007592.1	5104557	1.346	106166	0.144	1	93238	1.827	91442	98.074	1794	1.924	15	0.016	1753176	34.345	1127524	22.089	46	486095
LS_8_25_2014	Esch_coli_AR_0061	NZ_CP020058.1	4595238	24.399	618132	1.892	35	715956	15.580	712395	99.503	3557	0.497	138	0.019	2655864	57.796	1088300	23.683	13	106919
LS_9_28_2014	Esch_coli_EC-1639	NZ_LR025101.1	5059899	0.389	21042	0.053	0	9725	0.192	9400	96.658	325	3.343	4	0.041	645293	12.753	281264	5.559	28	712068
LS_9_28_2014	Esch_coli_118UI	NZ_CP032515.1	5205677	0.411	15317	0.039	0	7641	0.147	7461	97.644	180	2.357	3	0.039	739368	14.203	341145	6.553	25	650005
LS_9_28_2014	Esch_coli_D5	NZ_CP010145.1	4817460	14.790	82415	0.406	21	93950	1.950	93054	99.046	896	0.955	98	0.104	3345755	69.451	1203859	24.989	25	318341
LS_9_28_2014	Esch_coli_2011C-3911	NZ_CP015240.1	4863599	55.536	1185644	4.991	63	2110919	43.402	2109531	99.934	1386	0.066	167	0.008	2659749	54.687	532862	10.956	17	315356
LS_9_28_2014	Esch_coli_PA45B	NZ_CP021288.1	5074754	0.276	10522	0.020	0	7158	0.141	6844	95.613	313	4.378	8	0.112	430175	8.477	167809	3.307	20	635288
LS_9_28_2014	Esch_coli_MSHS_133	NZ_CP041304.1	4946083	0.394	18551	0.033	0	12340	0.249	11993	97.188	347	2.812	1	0.008	643159	13.003	295355	5.971	25	525136
LS_9_28_2014	Esch_coli_NCTC122	NZ_LT906474.1	4625968	1.502	19756	0.080	1	15385	0.333	15128	98.330	257	1.671	3	0.019	2167394	46.853	1337132	28.905	23	230131
LS_9_28_2014	Esch_coli_MVAST0167	NZ_CP014492.1	4806946	0.360	8533	0.016	0	31930	0.664	31737	99.396	193	0.604	1	0.003	411176	8.554	155921	3.244	4	76484
LS_9_28_2014	Esch_coli_Santai	NZ_CP007592.1	5104557	0.719	22604	0.042	0	11381	0.223	11180	98.234	201	1.766	1	0.009	1737795	34.044	1171401	22.948	31	631723
LS_9_28_2014	Esch_coli_AR_0061	NZ_CP020058.1	4595238	1.567	19604	0.081	1	17168	0.374	16924	98.579	244	1.421	0	0.000	2215063	48.203	1361090	29.620	23	234278
LS_11_16_2014	Esch_coli_EC-1639	NZ_LR025101.1	5059899	0.443	22555	0.040	0	11043	0.218	10754	97.383	289	2.618	5	0.045	725081	14.330	301768	5.964	23	465570
LS_11_16_2014	Esch_coli_118UI	NZ_CP032515.1	5205677	0.473	17025	0.031	0	12997	0.250	12757	98.153	240	1.847	0	0.000	828284	15.911	365290	7.017	19	387043
LS_11_16_2014	Esch_coli_D5	NZ_CP010145.1	4817460	15.685	89888	0.312	23	92860	1.928	91957	99.028	903	0.974	120	0.129	3377214	70.104	1246277	25.870	21	241221
LS_11_16_2014	Esch_coli_2011C-3911	NZ_CP015240.1	4863599	60.350	1288972	3.824	69	2111046	43.405	2109455	99.925	1588	0.075	162	0.008	2661410	54.721	551392	11.337	19	245708
LS_11_16_2014	Esch_coli_PA45B	NZ_CP021288.1	5074754	0.542	11930	0.016	0	22402	0.441	22084	98.580	318	1.420	4	0.018	758140	14.939	185895	3.663	28	513907
LS_11_16_2014	Esch_coli_MSHS_133	NZ_CP041304.1	4946083	0.479	20236	0.025	0	23071	0.466	22635	98.110	436	1.890	1	0.004	743722	15.037	317958	6.428	17	307312
LS_11_16_2014	Esch_coli_NCTC122	NZ_LT906474.1	4625968	1.496	21406	0.061	1	15356	0.332	15102	98.346	254	1.654	0	0.000	2201018	47.580	1386502	29.972	18	214452
LS_11_16_2014	Esch_coli_MVAST0167	NZ_CP014492.1	4806946	2.208	61786	0.083	2	1873190	38.968	1872870	99.983	320	0.017	263	0.014	749788	15.598	95414	1.985	0	0
LS_11_16_2014	Esch_coli_Santai	NZ_CP007592.1	5104557	0.735	24997	0.032	0	15485	0.303	15091	97.456	394	2.545	1	0.006	1768336	34.642	1207058	23.647	27	446567
LS_11_16_2014	Esch_coli_AR_0061	NZ_CP020058.1	4595238	2.086	21599	0.063	2	21755	0.473	21375	98.253	380	1.747	0	0.000	2246277	48.883	1243775	27.067	16	173376
LS_12_7_2014	Esch_coli_EC-1639	NZ_LR025101.1	5059899	1.376	15782	0.043	1	426969	8.438	425232	99.593	1736	0.407	63	0.015	1310514	25.900	116604	2.304	52	581450
LS_12_7_2014	Esch_coli_118UI	NZ_CP032515.1	5205677	2.224	48590	0.134	2	1408237	27.052	1406663	99.888	1574	0.112	11	0.001	1343146	25.802	109030	2.094	25	340445
LS_12_7_2014	Esch_coli_D5	NZ_CP010145.1	4817460	0.292	2306	0.012	0	25338	0.526	25013	98.717	325	1.283	0	0.000	317401	6.589	62200	1.291	24	642583
LS_12_7_2014	Esch_coli_2011C-3911	NZ_CP015240.1	4863599	0.314	5972	0.027	0	44722	0.920	44148	98.717	574	1.284	14	0.031	269115	5.533	49863	1.025	8	206141
LS_12_7_2014	Esch_coli_PA45B	NZ_CP021288.1	5074754	1.724	9667	0.020	1	98974	1.950	97712	98.725	1262	1.275	15	0.015	1937510	38.179	596233	11.749	45	523509
LS_12_7_2014	Esch_coli_MSHS_133	NZ_CP041304.1	4946083	0.710	9602	0.018	0	126244	2.552	124962	98.985	1282	1.016	27	0.021	852505	17.236	246558	4.985	28	396302
LS_12_7_2014	Esch_coli_NCTC122	NZ_LT906474.1	4625968	0.268	1297	0.006	0	22468	0.486	22208	98.843	260	1.157	0	0.000	290158	6.272	44418	0.960	25	737478
LS_12_7_2014	Esch_coli_MVAST0167	NZ_CP014492.1	4806946	22.070	701328	1.422	22	4305459	89.567	4305236	99.995	221	0.005	821	0.019	900120	18.725	44680	0.929	0	0
LS_12_7_2014	Esch_coli_Santai	NZ_CP007592.1	5104557	0.279	3909	0.008	0	57788	1.132	56921	98.500	867	1.501	20	0.035	281093	5.507	37523	0.735	31	923791
LS_12_7_2014	Esch_coli_AR_0061	NZ_CP020058.1	4595238	0.272	2203	0.010	0	37337	0.813	36695	98.281	642	1.721	25	0.067	264969	5.766	38487	0.838	25	669820
